Tx,Ty,Tz,Roll,Pitch,Yaw,L0,L1,L2,L3
1753458691.7477884,-3.2306200516972163,-1.5972685318497115,2.307476712914612,0.0,0.0,0.0,2.69528937099854,1.6355747872542101,1.687611542788761,2.583839366200763
1753458692.299459,-4.096311569431656,-2.2767363602886945,1.3782629147549508,0.0,0.0,0.0,2.69528937099854,1.6355747872542101,1.687611542788761,2.5846192745035914
1753458693.3097885,-3.50669941097682,-2.5476586257309606,1.0664096527601301,0.0,0.0,0.0,2.7430865942933704,2.4653675115672833,2.417426563521738,2.698544605823864
1753458693.86555,-3.2515206496805984,-2.472156303245039,1.0996164453115682,0.0,0.0,0.0,2.7430865942933704,2.4656187700015417,2.4180839983252516,2.699767197801179
1753458694.6697996,-2.9337530319746907,-3.425993531604318,1.4670325879989337,0.0,0.0,0.0,2.740140775884966,2.5275483003937294,2.4970728730345306,2.6798962961013384
1753458695.214981,-2.188102958882504,-2.7126528913010173,1.419399951158859,0.0,0.0,0.0,2.740140775884966,2.5275483003937294,2.4973971922184566,2.680705767559254
1753458696.0013964,-1.8516364713525704,-2.326478086137719,2.1416327733297136,0.0,0.0,0.0,2.7231325831836757,2.473076783620796,2.4123857363210286,2.5799418725928547
1753458696.5474749,-2.050262833803763,-2.8662356492133667,2.4340721487589185,0.0,0.0,0.0,2.7231325831836757,2.4725979457610685,2.4122528063013116,2.5799418725928547
1753458697.249204,-2.045415254291968,-4.496540521754049,2.0429848778346678,0.0,0.0,0.0,2.6590709868439397,1.8013426548219997,1.5194793199266048,2.0192785161977693
1753458697.749641,-2.4078248670846856,-4.689312768900904,1.9476759857426869,0.0,0.0,0.0,2.6598735489941268,1.8035188756790528,1.5213149631823772,2.0223281827722115
1753458698.8001716,-2.599331144750244,-4.834581315485968,2.314920197847277,0.0,0.0,0.0,2.7417947725382668,2.6153613427884266,2.1315392283946166,2.4972348904909727
1753458700.0978212,-1.349762434997317,-4.753628040000204,2.270137439480841,0.0,0.0,0.0,2.7339025857348846,2.609244330829828,1.8249928031003972,2.0475839159800775
1753458700.506422,-1.902884654456508,-4.821895624962883,1.024909260044382,0.0,0.0,0.0,2.7339025857348846,2.6084572635065646,1.8249928031003972,2.0475839159800775
1753458701.7318795,-2.1535439337802362,-4.571922405926626,1.1275257622528971,0.0,0.0,0.0,2.743914816553558,2.6571111060134505,2.5233583733926865,2.627063083220532
1753458702.2845683,-2.940535857297124,-4.921285323000704,0.6653868575626056,0.0,0.0,0.0,2.743914816553558,2.6574659203243627,2.523735696015515,2.627063083220532
1753458703.1024187,-2.9413311830967634,-4.543514729958518,-0.2534404395270844,0.0,0.0,0.0,2.7447432592872723,2.6626437013945234,2.5796823814796137,2.6892018295336073
1753458703.6478891,-3.2562389949362847,-3.7736133802934138,-0.4823030517367015,0.0,0.0,0.0,2.7447432592872723,2.6622823823728328,2.5799418725928547,2.6883901564550157
1753458704.699626,-3.4387455576334505,-2.9118453235329547,-0.4346201916728236,0.0,0.0,0.0,2.7447432592872723,2.6606763269137086,2.6590709868439397,2.703028736561287
1753458705.9476457,-2.3338290270868187,-2.9603772885751836,-0.036365347478290566,0.0,0.0,0.0,2.740140775884966,2.639640602580791,2.6369205354836023,2.690013570098739
1753458706.4979994,-2.042230735823355,-3.518299662045019,-0.530644125165423,0.0,0.0,0.0,2.740140775884966,2.6393080214642626,2.637250188775176,2.690013570098739
1753458707.299156,-2.363144263383278,-4.220105250933428,-0.8963979402448237,0.0,0.0,0.0,2.7417947725382668,2.6578215426718237,2.6602321638308566,2.6977306589644776
1753458708.7643406,-2.7984982675203804,-4.260643880648049,-1.484939798216311,0.0,0.0,0.0,2.745104167477475,2.6694499155584746,2.6839447810087567,2.7091614947679097
1753458709.3143883,-3.009811945194051,-4.0591693525110175,-1.865597749233106,0.0,0.0,0.0,2.7447432592872723,2.669080090446576,2.6831347391484908,2.709979103260019
1753458710.1151657,-3.590032293029269,-3.5318032440999367,-1.5270206558379678,0.0,0.0,0.0,2.7447432592872723,2.6702559940827344,2.6883901564550157,2.7116145196682564
1753458710.665721,-4.084984632640314,-2.96006447525216,-1.8018631914678545,0.0,0.0,0.0,2.7447432592872723,2.6694499155584746,2.6883901564550157,2.711220104982962
1753458711.465986,-3.9008241818781153,-3.335029528591625,-2.305881075843253,0.0,0.0,0.0,2.7447432592872723,2.666665582511505,2.6892018295336073,2.7136768393956268
1753458712.0131133,-3.5363408911100223,-2.6142852632641445,-1.9356460567592175,0.0,0.0,0.0,2.7455717677590865,2.6674702519200846,2.6892018295336073,2.7136768393956268
1753458712.815398,-3.859283213053076,-2.004033979343699,-2.215614318985864,0.0,0.0,0.0,2.7442766438480266,2.6662270273255744,2.690013570098739,2.7128577090270243
1753458713.363897,-3.00338340178543,-1.1887072963599046,-1.8124257271833226,0.0,0.0,0.0,2.7447432592872723,2.665860981029534,2.690013570098739,2.7128577090270243
1753458714.165229,-3.312600193506844,-0.860309549292193,-2.1517673924754837,0.0,0.0,0.0,2.7430865942933704,2.6606763269137086,2.690013570098739,2.7120387975619624
1753458714.7142227,-2.121185496179321,-0.1758362267703184,-1.4198944663268753,0.0,0.0,0.0,2.7430865942933704,2.6606763269137086,2.6892018295336073,2.7120387975619624
1753458715.4643674,-2.491313196945424,-0.9336210618947725,-0.8278434251765114,0.0,0.0,0.0,2.7376608137873024,2.6539064127463496,2.6875785510485297,2.709582769536587
1753458716.0149143,-2.7505601323459263,-1.414923917232116,-0.3725229852296468,0.0,0.0,0.0,2.7376608137873024,2.6539064127463496,2.6875785510485297,2.709979103260019
1753458717.0655336,-2.4423479059612063,-1.5749785252432669,0.2693107647634836,0.0,0.0,0.0,2.7376608137873024,2.6321484445548626,2.657912633561876,2.698544605823864
1753458717.614649,-2.125240122347333,-1.2293839052095832,0.807473011890663,0.0,0.0,0.0,2.7376608137873024,2.6321484445548626,2.657912633561876,2.698544605823864
1753458718.6657603,-1.7110036093054823,-2.149347155562522,0.5278844313822266,0.0,0.0,0.0,2.7058924869930068,2.536360423231285,2.5621104190813084,2.661839737531015
1753458719.2146864,-1.3102326821953056,-1.743534130292903,-0.71107667656872,0.0,0.0,0.0,2.706292251683288,2.5360091147429777,2.561812606279952,2.6622823823728328
1753458720.2646666,-0.5796958815429036,-1.5647423387730406,-1.1595719940917175,0.0,0.0,0.0,2.732252959057337,2.6468184864505497,2.669080090446576,2.6977306589644776
1753458720.8147988,-1.2071595526546353,-1.0375069849590401,-1.4546335977100506,0.0,0.0,0.0,2.732330081513087,2.646361240944848,2.669080090446576,2.6977306589644776
1753458721.6156747,-1.3002288372353221,-1.5995550953745918,-1.775226551803541,0.0,0.0,0.0,2.736008246735628,2.6574659203243627,2.6863753114929168,2.698544605823864
1753458722.165578,-1.1651048901180139,-2.3385887875600897,-1.8658851921075552,0.0,0.0,0.0,2.736008246735628,2.6570182884155633,2.6863753114929168,2.6993586193869126
1753458722.9625375,-0.44207138350911457,-2.4460781127768714,-1.866832733882916,0.0,0.0,0.0,2.7409676642529894,2.6650564476565752,2.6892018295336073,2.6989520944670997
1753458724.2640429,-1.0810788452628017,-3.4540022789796,-2.3040886889824557,0.0,0.0,0.0,2.743914816553558,2.6702559940827344,2.693261955258851,2.7075267812440127
1753458724.819695,-1.4226988146068487,-4.184463922228289,-2.307040668573997,0.0,0.0,0.0,2.7430865942933704,2.6694499155584746,2.693261955258851,2.708344104617176
1753458725.3655622,-1.74089834591984,-4.080174136626483,-1.7350041138200027,0.0,0.0,0.0,2.7442766438480266,2.6710621407819812,2.6936625333002544,2.7091614947679097
1753458725.9149153,-0.7467291688736619,-4.696683563219493,-2.0541552899586817,0.0,0.0,0.0,2.7447432592872723,2.6710621407819812,2.693261955258851,2.7091614947679097
1753458726.7180526,0.06930447856632327,-4.036246112382944,-2.0369244608134722,0.0,0.0,0.0,2.7447432592872723,2.671868504035743,2.6920361163267703,2.7054761596242076
1753458727.2646878,0.43547335563407863,-3.9151866504053014,-1.1284398197228844,0.0,0.0,0.0,2.7447432592872723,2.671868504035743,2.692449645702058,2.7054761596242076
1753458728.217028,1.0009178613722556,-3.4637455882982424,-0.8625157528702081,0.0,0.0,0.0,2.7393141074179033,2.669080090446576,2.6831347391484908,2.692449645702058
1753458728.7650578,0.6989043274931586,-3.7136947015798096,-0.25718873801228437,0.0,0.0,0.0,2.740140775884966,2.6690137881728635,2.6839447810087567,2.692449645702058
1753458729.7319927,0.15042018863390627,-2.7633737917428194,0.5581068616625884,0.0,0.0,0.0,2.7314283216687167,2.6650564476565752,2.663888857175512,2.6650564476565752
1753458730.2813418,-0.1994917500244906,-2.3321037296509695,0.907957351157449,0.0,0.0,0.0,2.732252959057337,2.6650564476565752,2.663085511985666,2.665860981029534
1753458731.347575,-0.1855719382715897,-2.022124587817328,1.2290655010136726,0.0,0.0,0.0,2.6698851110701556,2.582542750295039,2.559553850122237,2.579421802160041
1753458731.9000678,0.18563889795272814,-2.081821988633761,1.8902406683041768,0.0,0.0,0.0,2.6702559940827344,2.583059669633009,2.5593188770109374,2.5791626712999505
1753458732.9660797,0.5160731250609354,-1.6857932326778826,1.6430931389707322,0.0,0.0,0.0,2.3968804074079957,2.349310934710836,2.2539184860555714,2.23069159173343
1753458733.5141544,1.353092171987952,-1.6935259227441533,0.9264420671497464,0.0,0.0,0.0,2.3968804074079957,2.3486004143427044,2.2536207391287855,2.23069159173343
1753458734.5655446,1.221281240929235,-1.3133076538819477,0.8817362346591304,0.0,0.0,0.0,2.613782027547264,2.609244330829828,2.6068834809756494,2.5652071194784556
1753458735.1167734,1.0771196037587902,-1.2041015469426455,0.45562797595548554,0.0,0.0,0.0,2.614083341649168,2.6087517807798837,2.6068834809756494,2.564915892925252
1753458735.8818204,1.0370956692253985,-0.6503484859909054,-0.07230784198260931,0.0,0.0,0.0,2.6606763269137086,2.6196196127306517,2.6436271264756357,2.626746199185205
1753458737.4479024,1.9066041311273683,-0.617600793787374,-0.4490663081554236,0.0,0.0,0.0,2.70507566769495,2.6547073733620348,2.6892018295336073,2.6778963568939864
1753458737.998355,2.382730810143018,-0.4997608579561881,-0.21386354066659008,0.0,0.0,0.0,2.7054761596242076,2.6547073733620348,2.6883901564550157,2.6778963568939864
1753458738.7984343,2.55706166560808,0.011579613595982252,0.08375831235821796,0.0,0.0,0.0,2.69528937099854,2.6558614232630084,2.6908255281110494,2.6710621407819812
1753458740.132292,2.4561572118220063,0.4840102611004138,-0.4434563520243855,0.0,0.0,0.0,2.7022132135294203,2.657912633561876,2.6977306589644776,2.687996300535636
1753458740.6814165,1.7587748700050234,0.7044326199580428,-0.2115511818219611,0.0,0.0,0.0,2.7022132135294203,2.6571111060134505,2.6969167789958517,2.687996300535636
1753458741.480636,2.258435675985905,1.5380096394967335,0.5708812170772326,0.0,0.0,0.0,2.6920361163267703,2.644424754265073,2.692449645702058,2.684333707468852
1753458743.0331004,1.9223712526638348,1.3194314992191414,1.0631710526907017,0.0,0.0,0.0,2.562645496633306,2.5680211821618255,2.6883901564550157,2.627063083220532
1753458743.58064,2.219589306638598,1.3185373608320408,1.3737196092775141,0.0,0.0,0.0,2.562645496633306,2.567775664391806,2.6883901564550157,2.627063083220532
1753458744.380873,2.6046378732351876,2.187318192945831,1.2456925386238598,0.0,0.0,0.0,2.487729598795378,2.541937949252578,2.6892018295336073,2.5820179415673983
1753458745.6479442,2.223729234337002,2.2976045361408746,1.5319896794347994,0.0,0.0,0.0,2.4352527471862966,2.518216307972218,2.699767197801179,2.6479593339273273
1753458746.1994522,1.9279345465010023,2.8957391601201063,1.909358736118449,0.0,0.0,0.0,2.4346998180679384,2.5185898944743914,2.6993586193869126,2.6471602530481917
1753458746.9992871,0.8024497447792172,3.469586700318329,1.4433779396263748,0.0,0.0,0.0,2.235729251791824,2.382994968371609,2.699767197801179,2.671868504035743
1753458747.5475981,0.47370924043937723,3.4050005534207486,1.1290667000857302,0.0,0.0,0.0,2.235729251791824,2.382994968371609,2.700176623635474,2.671868504035743
1753458748.5973482,0.8555247076597592,4.293189599319188,1.2543991078743262,0.0,0.0,0.0,2.560025147427526,2.5138364109058973,2.7013977574512396,2.7107967782897564
1753458749.048679,1.0858702530908024,4.846664984935387,1.6917517462813016,0.0,0.0,0.0,2.560025147427526,2.5138364109058973,2.7009927347940392,2.709979103260019
1753458750.1153917,0.7037671199382416,4.375441277236893,2.287625766669679,0.0,0.0,0.0,2.410796139453933,2.483975937670768,2.703028736561287,2.7144958844213267
1753458750.6653063,0.5392805675574399,3.4374629063877187,2.236292434867228,0.0,0.0,0.0,2.4099404617973565,2.483975937670768,2.703028736561287,2.7144958844213267
1753458751.4659557,0.15981730339782452,1.5796200569255987,2.1788066236401207,0.0,0.0,0.0,1.9007077027403538,1.9430205066550978,2.69528937099854,2.6989520944670997
1753458752.0151823,1.2822000590370397,1.2342221621226308,1.0547676996554034,0.0,0.0,0.0,1.9007077027403538,1.9424339535053663,2.69528937099854,2.698544605823864
1753458753.0811267,1.9877663793981473,0.22290401745416855,1.0634119552044332,0.0,0.0,0.0,2.562645496633306,2.5385225006171503,2.675094932314626,2.631353605451835
1753458754.647681,2.5898369386594844,-0.5293590828121157,0.8944261978596035,0.0,0.0,0.0,2.600024759090929,2.6310311542179714,2.675094932314626,2.5799418725928547
1753458755.19819,2.7101784783355978,0.0540794768910704,1.7324411896919294,0.0,0.0,0.0,2.5995239818613367,2.6310311542179714,2.675094932314626,2.5796823814796137
1753458756.0002394,3.2337555394224022,0.03643719712375759,1.9557180585652771,0.0,0.0,0.0,2.3521537886905053,2.550836030178169,2.6650564476565752,2.382960557215818
1753458756.453512,3.2649291751302165,-0.23081205025143348,1.6774811531314935,0.0,0.0,0.0,2.3521537886905053,2.5512869008919057,2.665860981029534,2.382960557215818
1753458757.2664406,4.104075705150757,-0.29203431186223483,0.9738524613837325,0.0,0.0,0.0,2.388033408951107,2.6185213877741402,2.6823249145157493,2.402624750748632
1753458757.8151727,4.3867088864494335,-0.4390912519654977,0.8953290228670823,0.0,0.0,0.0,2.388033408951107,2.617731127954583,2.6823249145157493,2.4019551221095097
1753458758.8669045,4.687993044377116,0.08374524203307843,1.0392785515919178,0.0,0.0,0.0,2.613481340417013,2.6686440536856395,2.7013977574512396,2.6042346051118836
1753458759.3325815,4.952391000182001,-0.7752373857503585,1.7153644113440016,0.0,0.0,0.0,2.613481340417013,2.669080090446576,2.7013977574512396,2.6042346051118836
1753458760.3818626,4.833172831838924,-2.2361992540922317,1.911019640933251,0.0,0.0,0.0,2.4218085929538997,2.6710621407819812,2.7022132135294203,2.425544112733871
1753458760.9305828,3.6107593507777462,-3.1061595945552654,2.028404715815382,0.0,0.0,0.0,2.421230247131167,2.6710621407819812,2.7022132135294203,2.425544112733871
1753458761.9483323,2.7697373645823253,-4.263539516249468,2.3241641047891948,0.0,0.0,0.0,2.4316665858882427,2.6694499155584746,2.633413551764983,2.1820266960213246
1753458762.498723,1.8267870550037504,-4.89528997622588,1.906075120294826,0.0,0.0,0.0,2.4314911743999374,2.669080090446576,2.633738621984738,2.1820266960213246
1753458763.4938126,0.4815879828895584,-3.9337207405293553,1.2537244448439901,0.0,0.0,0.0,2.7128577090270243,2.6702559940827344,2.425544112733871,2.237757589745256
1753458764.0472438,0.38027046514977325,-3.4622987915865733,2.222866573195197,0.0,0.0,0.0,2.7128577090270243,2.6702559940827344,2.425706286827684,2.237081360200726
1753458764.8390377,-0.8288839931384784,-3.288777260586161,0.969416538418729,0.0,0.0,0.0,2.513655016157669,2.5180300895642604,1.97501967327079,1.9258464821461618
1753458766.649054,0.20374754980233867,-1.3607395203935657,0.46265060440323325,0.0,0.0,0.0,2.671868504035743,2.604523832086878,2.6251616259198323,2.626746199185205
1753458767.1996326,0.9535022820606534,-2.004553617771635,0.3419595377659723,0.0,0.0,0.0,2.671868504035743,2.6042346051118836,2.6246837997474497,2.627380893806584
1753458767.9990413,1.8439644473107002,-2.8730534757843262,0.3950043855021219,0.0,0.0,0.0,2.6839447810087567,2.636124844318704,2.6412348010151807,2.629123792832377
1753458768.5476358,2.077268490897632,-1.9763387606948966,-0.3173351651562619,0.0,0.0,0.0,2.6839447810087567,2.6364536203144375,2.6412348010151807,2.6289695071421635
1753458769.3472207,2.149479855837355,-1.9313718374703792,-0.6264347771058976,0.0,0.0,0.0,2.709979103260019,2.6626437013945234,2.6823249145157493,2.666665582511505
1753458769.8971484,2.0002484414734445,-1.271107506651168,-0.6615560718742812,0.0,0.0,0.0,2.709979103260019,2.6622823823728328,2.6823249145157493,2.666665582511505
1753458770.6977034,1.8190465836009517,-1.125123473337962,-0.6636060332794314,0.0,0.0,0.0,2.714924186469843,2.661479320621566,2.6892018295336073,2.6815153070921904
1753458771.2473533,1.5401820312307093,-0.4610919635204507,-0.8828143920371467,0.0,0.0,0.0,2.7144958844213267,2.661479320621566,2.6892018295336073,2.6815153070921904
1753458772.0484343,1.7495170200803232,-0.0829670400572855,-1.4756665267563855,0.0,0.0,0.0,2.7169541792052994,2.658268345584919,2.69163755337417,2.6920361163267703
1753458772.597422,2.1987866721372047,-0.05952077018773405,-1.9450839678436938,0.0,0.0,0.0,2.7173853488472135,2.657912633561876,2.6920361163267703,2.69163755337417
1753458773.6475832,2.0095029456521925,0.2698862600370022,-2.49440520505783,0.0,0.0,0.0,2.731878761790689,2.668275137335596,2.700176623635474,2.698544605823864
1753458774.1988146,3.2106851609197324,0.5654454821886894,-2.3065254879644845,0.0,0.0,0.0,2.732252959057337,2.668275137335596,2.7005823685142465,2.6989520944670997
1753458774.9978805,3.771452153664818,1.2662755955511358,-1.5528949531992202,0.0,0.0,0.0,2.735182062657417,2.6710621407819812,2.702625614087018,2.7091614947679097
1753458775.5477157,3.4032789640510934,1.0391804895436945,-1.2023427606464632,0.0,0.0,0.0,2.735552783399514,2.6710621407819812,2.703028736561287,2.7091614947679097
1753458776.6141279,3.49905947260385,1.1696706433892325,-0.57606087396656,0.0,0.0,0.0,2.7223111543122256,2.669080090446576,2.703028736561287,2.6993586193869126
1753458777.1672518,3.786030003709879,1.283974102174926,-0.6862970834335886,0.0,0.0,0.0,2.7223111543122256,2.669080090446576,2.703028736561287,2.6989520944670997
1753458777.9298716,4.237880134503298,1.0248626052311947,0.07309119842163003,0.0,0.0,0.0,2.711220104982962,2.6678382602188706,2.7030388649089145,2.6989520944670997
1753458778.4831285,3.97615490810424,0.349590392203158,0.09171609553886517,0.0,0.0,0.0,2.7116145196682564,2.668275137335596,2.703028736561287,2.698544605823864
1753458779.5122561,4.461717933240463,0.19884939574285365,-0.2000138292426623,0.0,0.0,0.0,2.6819388149812133,2.666665582511505,2.7022132135294203,2.6726749352329033
1753458780.0652938,4.433840179823527,-1.2230717464276375,-0.18602692261309528,0.0,0.0,0.0,2.6819388149812133,2.6674702519200846,2.7022132135294203,2.6726749352329033
1753458780.8801873,3.5814818500452397,-1.2852954334816156,0.45427880088256556,0.0,0.0,0.0,2.7054761596242076,2.671868504035743,2.7013977574512396,2.671868504035743
1753458781.43141,3.424828400840875,-1.922747209294351,0.29929478079413974,0.0,0.0,0.0,2.7054919026201367,2.671868504035743,2.7013977574512396,2.671868504035743
1753458782.2323172,3.4689623089884147,-1.5701754475698584,-0.8181859824369893,0.0,0.0,0.0,2.6831347391484908,2.668275137335596,2.6908255281110494,2.638512124234758
1753458782.7808294,3.266325844893027,-0.6950420900021488,-1.1030286278878765,0.0,0.0,0.0,2.6831347391484908,2.6678382602188706,2.6908255281110494,2.638512124234758
1753458783.830762,3.414140055235382,-0.4365587750733386,-1.51336034342433,0.0,0.0,0.0,2.7231325831836757,2.6694499155584746,2.699767197801179,2.69813705869903
1753458784.3819554,2.439526735157383,-0.11978851873857899,-1.0687377200624448,0.0,0.0,0.0,2.7231325831836757,2.669080090446576,2.700176623635474,2.6977306589644776
1753458784.9311872,3.079321013578788,-1.3720261966457081,-2.100494221531285,0.0,0.0,0.0,2.720668800594882,2.663888857175512,2.698544605823864,2.69813705869903
1753458785.4809167,3.615625858743993,-1.1365086085126275,-2.439063503969316,0.0,0.0,0.0,2.719847723271314,2.6646922699965394,2.6977306589644776,2.698544605823864
1753458786.530288,4.485438794297481,-1.07037741951462,-2.4260477835148127,0.0,0.0,0.0,2.738119423795469,2.6726749352329033,2.703028736561287,2.7058924869930068
1753458787.032025,4.687625820976658,-0.8435512141884765,-2.2613053250142916,0.0,0.0,0.0,2.7376608137873024,2.6726749352329033,2.7022132135294203,2.706292251683288
1753458787.8313348,4.751906170390935,-1.4040844765242233,-1.753763519028989,0.0,0.0,0.0,2.737203397302613,2.673481434190201,2.7038444775965362,2.7075267812440127
1753458788.3815868,4.227090001306639,-2.928583936063572,-2.05122510389631,0.0,0.0,0.0,2.7380289563140523,2.673049521612316,2.7038444775965362,2.7075267812440127
1753458789.382254,4.4971621963185235,-2.9288480089742244,-1.1170937461282677,0.0,0.0,0.0,2.740140775884966,2.673481434190201,2.703028736561287,2.698544605823864
1753458789.9320796,4.139117006127755,-3.501905757528073,-0.8217258165752961,0.0,0.0,0.0,2.740140775884966,2.673481434190201,2.703028736561287,2.6989520944670997
1753458790.9796178,3.8577615767444513,-4.004277892986744,-0.6217611842176933,0.0,0.0,0.0,2.735552783399514,2.673481434190201,2.7005823685142465,2.686767163306375
1753458792.285894,3.59745222672146,-3.8767613004225954,-0.5983569476859019,0.0,0.0,0.0,2.735552783399514,2.673481434190201,2.6977306589644776,2.6787046240542636
1753458793.599526,2.7518327257739115,-4.272607028973086,-0.7418296806914819,0.0,0.0,0.0,2.7384873505289358,2.6726749352329033,2.693261955258851,2.6819388149812133
1753458794.1471202,2.648751388885694,-4.266078175762317,-0.8381292479953513,0.0,0.0,0.0,2.7384873505289358,2.6726749352329033,2.693261955258851,2.6819388149812133
1753458794.6984682,2.0211770062737653,-4.724461657041536,-1.677540011519108,0.0,0.0,0.0,2.738854580504526,2.673049521612316,2.6936625333002544,2.6847547408377137
1753458795.750564,2.8862424153579234,-4.87422852526744,-2.16340468376747,0.0,0.0,0.0,2.742258283546699,2.673481434190201,2.696102966104905,2.698544605823864
1753458796.297024,3.6390750133888226,-3.8211017401706124,-2.332860309287667,0.0,0.0,0.0,2.7427229936794872,2.6726749352329033,2.6969167789958517,2.698544605823864
1753458797.349027,3.7960064913490683,-4.8519766798991295,-0.5683166395971355,0.0,0.0,0.0,2.742258283546699,2.673481434190201,2.7022132135294203,2.698544605823864
1753458797.899086,4.560663464780866,-4.648516439298248,1.0463124425697141,0.0,0.0,0.0,2.742258283546699,2.673857082509661,2.7013977574512396,2.6989520944670997
1753458799.4485128,4.622917477083199,-4.466585407618321,1.5125938935255903,0.0,0.0,0.0,2.7314283216687167,2.673481434190201,2.6993586193869126,2.567530881558717
1753458799.9981892,4.558739348953505,-4.319920869970487,2.278783909423028,0.0,0.0,0.0,2.731053219109465,2.673481434190201,2.6989520944670997,2.567530881558717
1753458801.0642247,4.771272570416116,-3.665759490974466,0.7675169971291833,0.0,0.0,0.0,2.652304843935356,2.6710621407819812,2.6875785510485297,1.9922065699369362
1753458802.826377,4.822361276052403,-2.343819022812058,0.28262366109549175,0.0,0.0,0.0,2.7034420798506384,2.673481434190201,2.7013977574512396,2.647502818519893
1753458804.3818758,2.3852999967850463,-1.4899491946514654,1.2579004207985123,0.0,0.0,0.0,2.5409573688020965,2.6254767761497537,2.629443572865845,2.5025220487430575
1753458804.8840978,1.8469213085858174,-0.21685963701300537,2.4555651592509244,0.0,0.0,0.0,2.5409573688020965,2.6254767761497537,2.629443572865845,2.5019338028246643
1753458805.9316537,0.2918761795499485,0.060388041369701106,1.2843994997156116,0.0,0.0,0.0,1.5923764294453162,2.001734708764261,2.3750881599367246,1.6696771321774864
1753458806.432028,0.04298047717527709,0.4430076574304511,0.5165705658607544,0.0,0.0,0.0,1.5925130067733149,2.0023393649034174,2.375753061382957,1.6696771321774864
1753458807.7309315,0.0816245950087966,-0.3819435784308922,0.07675416744350905,0.0,0.0,0.0,2.649557847999675,2.5786419913152376,2.6503572809658102,2.658268345584919
1753458808.2816064,-0.7649326094715478,-0.5529664096885583,-0.7171104779675579,0.0,0.0,0.0,2.649557847999675,2.578383682124462,2.6503572809658102,2.658268345584919
1753458809.3504968,-1.1509172568646897,-0.6153820548760809,-0.2612503152548129,0.0,0.0,0.0,2.7231325831836757,2.6428295672156383,2.6762803239470268,2.698544605823864
1753458809.8979135,-2.3724782529468946,0.10632925280959427,-0.10685083480320001,0.0,0.0,0.0,2.7223111543122256,2.6428295672156383,2.6762803239470268,2.6977306589644776
1753458810.9641106,-3.0099467626366136,0.21770042687724445,0.5642839163412985,0.0,0.0,0.0,2.724394410367126,2.612692786310312,2.658268345584919,2.698544605823864
1753458812.5313563,-2.3294367505021887,0.26028460611543913,0.9367323851881131,0.0,0.0,0.0,2.6815153070921904,2.502101678824339,2.571377832883606,2.694475843206876
1753458813.0813076,-2.6133218416941606,-0.12646145637056883,1.637161629878281,0.0,0.0,0.0,2.6819388149812133,2.501766347530404,2.570879279266166,2.694475843206876
1753458813.837674,-2.264813799110877,-0.26464059119717653,2.496437101158559,0.0,0.0,0.0,2.638512124234758,2.2765452085410716,2.3521537886905053,2.6702559940827344
1753458815.1480932,-1.554471864126329,-0.04145822845003089,1.8218478830071785,0.0,0.0,0.0,2.4396650809317624,2.182686341754013,2.283428197487885,2.565981542617832
1753458815.65075,-1.0016790252263599,0.09683077866771406,1.643030920695491,0.0,0.0,0.0,2.4397616528954957,2.182686341754013,2.284116979739,2.565981542617832
1753458816.4488444,-0.7299421181486432,0.0904144169704395,1.3443895664094252,0.0,0.0,0.0,2.4466033957325384,2.2963091783977085,2.4055831016699445,2.556463901829074
1753458816.9967957,-1.5937862910334246,0.7962795335552606,1.5926176159006546,0.0,0.0,0.0,2.4457608520031835,2.295615584204314,2.4055831016699445,2.556463901829074
1753458817.5485063,-2.0412940294262927,1.1523187967320991,1.22503103249029,0.0,0.0,0.0,2.502101678824339,2.3094644439697882,2.4647486157344347,2.657912633561876
1753458818.0978658,-2.6621346478252903,0.9325284781638485,1.6659310467516724,0.0,0.0,0.0,2.502354130435869,2.3087681033926075,2.4647486157344347,2.658625013776535
1753458818.8969052,-3.175670485103572,0.6976550938204316,1.3043165461876955,0.0,0.0,0.0,2.610327829553527,2.258393511749109,2.4338729731610793,2.698544605823864
1753458819.447929,-3.851709107649027,-0.5224442866785193,1.2295713842396978,0.0,0.0,0.0,2.6108188170448776,2.259075732421617,2.434517746827633,2.69813705869903
1753458820.2477727,-3.469625020198881,-1.0018467825255928,0.9106503887638184,0.0,0.0,0.0,2.734727574778779,2.4359878217889293,2.485625807994393,2.708344104617176
1753458821.5474973,-4.7270879134026895,-0.8359013541149798,0.9192985442775714,0.0,0.0,0.0,2.743914816553558,2.5227817119608758,2.557236177110789,2.7136768393956268
1753458822.8645487,-4.578132067184301,-0.34491622199641725,1.7059226433508634,0.0,0.0,0.0,2.7406024785296905,2.2350533730726383,2.3225967761619546,2.7128577090270243
1753458823.9181416,-4.290341857670832,-0.2959988972860028,1.8696614597225194,0.0,0.0,0.0,2.734727574778779,2.115747967667952,2.2111097068344296,2.709979103260019
1753458824.4676032,-4.372598359803661,0.32450605058948145,0.21878652654506103,0.0,0.0,0.0,2.734727574778779,2.1151089087748445,2.2111097068344296,2.709979103260019
1753458825.5157387,-4.145614488361754,-0.3885381333104698,-0.28158051200813494,0.0,0.0,0.0,2.742258283546699,2.5942628891268074,2.6511567821208337,2.7153151481098328
1753458826.0661774,-4.808721063254754,0.6859026101945886,-0.5152501944248273,0.0,0.0,0.0,2.742258283546699,2.593756812844597,2.651504089100589,2.7153151481098328
1753458826.8644226,-4.958393815615767,0.819674431177619,-0.5829270110184708,0.0,0.0,0.0,2.743914816553558,2.6350022569800973,2.6839447810087567,2.7153151481098328
1753458828.1646495,-4.917731108804365,0.177728014965032,-1.237882221906188,0.0,0.0,0.0,2.7442766438480266,2.6539064127463496,2.6908255281110494,2.7153151481098328
1753458829.4647763,-3.6527962793484994,0.901616089705735,-0.7969437741342515,0.0,0.0,0.0,2.7409676642529894,2.6393080214642626,2.6855649176597503,2.7144958844213267
1753458830.017387,-3.9301435851865465,1.3836507176398616,-1.1776087872817076,0.0,0.0,0.0,2.7409676642529894,2.6393080214642626,2.68595599321022,2.7144958844213267
1753458830.814324,-3.8593425610423084,1.4731698356559821,-1.6270749721834417,0.0,0.0,0.0,2.7427229936794872,2.649102972513724,2.6936625333002544,2.7153151481098328
1753458831.3648648,-4.4032958472845625,2.2870314431053727,-1.7979648661843943,0.0,0.0,0.0,2.742258283546699,2.649557847999675,2.6940743316438542,2.7153151481098328
1753458832.1642811,-3.664958882556346,2.898989789519418,-1.5572711245803923,0.0,0.0,0.0,2.7443814943596747,2.6598735489941268,2.7005823685142465,2.7153151481098328
1753458832.715335,-4.327399936046971,3.333904863206726,-1.4093065099850655,0.0,0.0,0.0,2.7442766438480266,2.6598735489941268,2.7005823685142465,2.7153151481098328
1753458833.5192962,-3.8436148182984686,3.743459132470827,-2.0972512597582584,0.0,0.0,0.0,2.743914816553558,2.656309793709945,2.703028736561287,2.716134630478325
1753458834.0651243,-3.3273290250863354,4.33704354920785,-1.7402116369952392,0.0,0.0,0.0,2.7447432592872723,2.656309793709945,2.7022132135294203,2.7153151481098328
1753458834.8302026,-2.4251459039258627,4.086089571259892,-1.9321286646420481,0.0,0.0,0.0,2.743914816553558,2.661479320621566,2.7038444775965362,2.716134630478325
1753458835.3817186,-1.709362581512818,3.550936876477195,-1.9118675864762373,0.0,0.0,0.0,2.7430865942933704,2.661479320621566,2.7038444775965362,2.716134630478325
1753458836.1825345,-1.4956575191312216,3.8197837672898434,-2.3803780373251575,0.0,0.0,0.0,2.740140775884966,2.661479320621566,2.7022132135294203,2.714924186469843
1753458836.7328494,-0.6475340619189796,3.96440710784619,-2.0191397375620124,0.0,0.0,0.0,2.7393141074179033,2.661479320621566,2.703028736561287,2.714924186469843
1753458837.546078,-0.2774996502977931,3.523005497492157,-1.775310493094896,0.0,0.0,0.0,2.7384873505289358,2.6642521305025757,2.7034420798506384,2.7153151481098328
1753458838.8648324,-0.703555177140541,2.916547298438119,-2.016377936254663,0.0,0.0,0.0,2.7376608137873024,2.6626437013945234,2.7013977574512396,2.7153151481098328
1753458839.4148657,-0.4884989595816256,2.204640443809213,-1.6994500045596301,0.0,0.0,0.0,2.7376608137873024,2.6622823823728328,2.7022132135294203,2.7153151481098328
1753458840.2313325,-0.8206947254319523,1.4401364794296603,-1.79978388441412,0.0,0.0,0.0,2.7339025857348846,2.658625013776535,2.700172850395778,2.7128577090270243
1753458840.7804923,-1.3089809136340969,1.550211056329827,-1.9801350501764636,0.0,0.0,0.0,2.7330776625546416,2.658268345584919,2.7005823685142465,2.7128577090270243
1753458841.5828166,-1.5300756388472725,0.9354439541052155,-1.537584000201711,0.0,0.0,0.0,2.7376608137873024,2.6598735489941268,2.698544605823864,2.7136768393956268
1753458842.081479,-2.0605724752998578,0.9895588838956995,-1.8964802481068994,0.0,0.0,0.0,2.7376608137873024,2.6606763269137086,2.6989520944670997,2.7136768393956268
1753458842.8475149,-1.7505699033902555,0.4371543133215212,-2.4455638421030508,0.0,0.0,0.0,2.7393141074179033,2.6590709868439397,2.6969167789958517,2.7136768393956268
1753458844.114045,-2.8702598193251694,0.7840335707911139,-1.7112362967907735,0.0,0.0,0.0,2.7409676642529894,2.6571111060134505,2.694475843206876,2.7144958844213267
1753458844.6820984,-2.8704366052527908,1.4242115132364939,-0.8774674821899464,0.0,0.0,0.0,2.7409676642529894,2.6574659203243627,2.694064103222301,2.7136768393956268
1753458845.4802547,-2.8930524398887583,1.75839324147106,-1.2974553308815433,0.0,0.0,0.0,2.7364647477264024,2.6412348010151807,2.6908255281110494,2.7144958844213267
1753458846.031244,-2.6601470456253495,2.445565900453108,-1.6293510998283418,0.0,0.0,0.0,2.7376608137873024,2.6412348010151807,2.690013570098739,2.7144958844213267
1753458847.0969114,-2.098233162703693,1.9625706567584,-1.907889630442694,0.0,0.0,0.0,2.740140775884966,2.6558614232630084,2.6993586193869126,2.7153151481098328
1753458847.6483235,-2.4466803447760532,2.767275115456993,-2.44091756273278,0.0,0.0,0.0,2.740140775884966,2.656309793709945,2.700172850395778,2.7153151481098328
1753458848.664492,-3.391851176893975,2.5319958444075077,-2.3613531885829255,0.0,0.0,0.0,2.741894075400705,2.6642521305025757,2.7022132135294203,2.7153151481098328
1753458849.213892,-2.921454085738765,3.236842674250905,-1.2384456236493184,0.0,0.0,0.0,2.742258283546699,2.664616217933904,2.7022132135294203,2.714924186469843
1753458850.2170603,-2.354456302965046,3.8840101100435263,-0.7231785706525229,0.0,0.0,0.0,2.7409676642529894,2.651956498189295,2.7022132135294203,2.7153151481098328
1753458850.7647238,-2.0281598191588603,4.671456614818496,-0.9913400677834072,0.0,0.0,0.0,2.740140775884966,2.651504089100589,2.7013977574512396,2.714924186469843
1753458851.5674143,-1.9584799744092916,4.572782635048641,-1.252669706877723,0.0,0.0,0.0,2.7393141074179033,2.652304843935356,2.7038444775965362,2.716134630478325
1753458852.8632562,-1.6803794948373394,4.795110827131484,-1.3690381489878174,0.0,0.0,0.0,2.740140775884966,2.6598735489941268,2.7034420798506384,2.7157444052641133
1753458853.4146714,-1.4107202058647559,4.150445896346529,-0.28786259157562544,0.0,0.0,0.0,2.740140775884966,2.6590709868439397,2.7038444775965362,2.716134630478325
1753458854.4623082,-1.929214910043353,3.660111187686061,0.08326183058966885,0.0,0.0,0.0,2.724394410367126,2.6318251210361847,2.702625614087018,2.716134630478325
1753458855.013858,-1.3911691151477301,3.4488459882013665,0.24394396648794325,0.0,0.0,0.0,2.724394410367126,2.6310311542179714,2.703028736561287,2.7153151481098328
1753458855.7640145,-1.0493160430703643,3.4646784267274793,0.9592135369467587,0.0,0.0,0.0,2.7013977574512396,2.597170187046405,2.699767197801179,2.7153151481098328
1753458856.3140924,-1.7402983442091822,3.703162432269341,1.0283513675204867,0.0,0.0,0.0,2.7013977574512396,2.596665821876996,2.6989520944670997,2.7153151481098328
1753458857.113875,-1.552976940976433,4.580802181512025,1.3373363734675836,0.0,0.0,0.0,2.661479320621566,2.4973971922184566,2.6993586193869126,2.714924186469843
1753458857.664727,-1.5538761283343403,4.901319921103024,1.7540535013189675,0.0,0.0,0.0,2.661479320621566,2.4970728730345306,2.6993586193869126,2.7153151481098328
1753458858.7307553,-1.417197476565606,4.983753979809443,0.9931033518618393,0.0,0.0,0.0,2.5995239818613367,2.2772329827060425,2.7022132135294203,2.7153151481098328
1753458859.2325041,-1.2930385692035786,4.749530882603905,0.33578830255288006,0.0,0.0,0.0,2.5995239818613367,2.2772329827060425,2.7022132135294203,2.7153151481098328
1753458860.2967944,-2.100392005351568,4.720938631086417,0.8811985504147435,0.0,0.0,0.0,2.7120387975619624,2.604523832086878,2.703028736561287,2.7153151481098328
1753458860.7057106,-2.3697784381691624,4.77911578980893,0.9659253344641621,0.0,0.0,0.0,2.7128577090270243,2.6050201909346775,2.7038444775965362,2.7153151481098328
1753458861.7136357,-3.0220341261297214,4.127922451210285,1.3939250468032065,0.0,0.0,0.0,2.7177737941009954,2.523735696015515,2.703028736561287,2.7153151481098328
1753458862.265204,-2.8402584881576898,3.8816691486820822,0.45793438925288754,0.0,0.0,0.0,2.7173853488472135,2.523735696015515,2.703028736561287,2.7153151481098328
1753458863.0645657,-3.0313196783693708,3.437280328841405,0.04701587931173323,0.0,0.0,0.0,2.728130896874138,2.5773480184087165,2.7013977574512396,2.7153151481098328
1753458863.6134403,-3.2699559113512953,4.007470907351816,-0.30299719102891265,0.0,0.0,0.0,2.7285087703635282,2.5773480184087165,2.7013977574512396,2.7153151481098328
1753458864.4140022,-4.049715300961834,4.388717524703095,-0.5972764358237559,0.0,0.0,0.0,2.740140775884966,2.629443572865845,2.7022132135294203,2.7153151481098328
1753458864.915408,-4.0621447134975055,4.9624826606452075,-1.0052366677026274,0.0,0.0,0.0,2.740140775884966,2.629443572865845,2.703028736561287,2.7153151481098328
1753458865.9757898,-4.657423914559945,4.239432128455661,1.171649623136756,0.0,0.0,0.0,2.745104167477475,2.656309793709945,2.7038444775965362,2.716134630478325
1753458866.432795,-3.4155036261766303,3.036315187940154,2.470846906696079,0.0,0.0,0.0,2.7447432592872723,2.656309793709945,2.70425876438063,2.716134630478325
1753458868.0575001,-1.6287614338507606,3.3796305007109524,2.084898208415206,0.0,0.0,0.0,2.573984591178768,1.2307074723489582,2.6071761565437233,2.709979103260019
1753458868.5059524,-1.5966571288781264,2.2747422409602454,1.2125053832859685,0.0,0.0,0.0,2.5732080869764036,1.2307074723489582,2.6076704090123632,2.7107967782897564
1753458869.6221762,-2.538884830121045,3.1805299981059427,0.609537922955278,0.0,0.0,0.0,2.598739170682502,2.4457608520031835,2.655508549432476,2.7091614947679097
1753458870.0760806,-2.786280051078168,2.4087882308903747,-0.19049109071765224,0.0,0.0,0.0,2.5984570334212074,2.4456575486759307,2.656309793709945,2.7091614947679097
1753458871.1443014,-2.342160987394768,2.4582452666008567,-0.792251175343982,0.0,0.0,0.0,2.729779399403296,2.616636681861229,2.69163755337417,2.7153151481098328
1753458871.5963283,-3.1409839447196375,1.4589140167622094,0.004496886130992195,0.0,0.0,0.0,2.730603750580627,2.616636681861229,2.6920361163267703,2.714924186469843
1753458872.2603824,-3.9821897782430815,1.5550083505099472,-0.5427150795594016,0.0,0.0,0.0,2.7314283216687167,2.6050201909346775,2.6746647118317264,2.7136768393956268
1753458872.713424,-4.895307859650232,2.4302376483947787,-0.9356574550085557,0.0,0.0,0.0,2.7314283216687167,2.604523832086878,2.675094932314626,2.7136768393956268
1753458873.770733,-3.7122978497194548,-1.6499578372275812,-0.158491734693484,0.0,0.0,0.0,2.7447432592872723,2.6479593339273273,2.699767197801179,2.7153151481098328
1753458874.231958,-4.985263758452879,-1.9021761737783338,0.30343577900722973,0.0,0.0,0.0,2.745104167477475,2.6479593339273273,2.699767197801179,2.716134630478325
1753458875.6979442,-4.243270115727507,-3.9412851339022,0.48574297786833043,0.0,0.0,0.0,2.7455717677590865,2.619311717100424,2.622785791493867,2.71410403500957
1753458876.20537,-4.93021288293849,-4.119979949990645,1.571844778413653,0.0,0.0,0.0,2.7455717677590865,2.619311717100424,2.622785791493867,2.7144958844213267
1753458877.265923,-4.4992799284656275,-4.9802165032619525,1.7471069789098088,0.0,0.0,0.0,2.7447432592872723,2.6318251210361847,2.3471911046773175,2.711220104982962
1753458877.7613168,-4.065633450554728,-3.934801725136894,2.073069304160745,0.0,0.0,0.0,2.7447432592872723,2.6318251210361847,2.3471798509724073,2.711220104982962
1753458878.4225183,-4.403693567820433,-4.75220594638409,-1.1625382107282118,0.0,0.0,0.0,2.7427229936794872,2.51289521541169,1.984402857259378,2.6823249145157493
1753458880.5000548,-4.923200552809975,-3.0827095488583813,-1.6096769513276665,0.0,0.0,0.0,2.7455717677590865,2.668275137335596,2.6883901564550157,2.7153151481098328
1753458880.9593334,-2.681891226303991,-3.324594950858729,-2.4809354220884594,0.0,0.0,0.0,2.7455717677590865,2.6678382602188706,2.6883901564550157,2.7153151481098328
1753458882.0200706,-1.7211391787161134,-1.9157426449437565,-2.3360492229794945,0.0,0.0,0.0,2.7447432592872723,2.6702559940827344,2.694064103222301,2.7128577090270243
1753458883.493947,-2.0326943093216476,-2.054060796990348,-1.4930642314665676,0.0,0.0,0.0,2.7409676642529894,2.6598735489941268,2.6839447810087567,2.7054761596242076
1753458883.9504817,-2.288475633172351,-2.2549822929852557,-0.7707544785626219,0.0,0.0,0.0,2.7409676642529894,2.6598735489941268,2.6839447810087567,2.7058924869930068
1753458884.9088848,0.058628226212383616,-0.755881423679253,-1.5531197733445201,0.0,0.0,0.0,2.740140775884966,2.6503572809658102,2.6686440536856395,2.698544605823864
1753458885.3171313,0.5327064307471199,-1.3273016556361505,-0.8065869560047478,0.0,0.0,0.0,2.740140775884966,2.6507036968437854,2.6686440536856395,2.6993586193869126
1753458886.3737361,1.5247262107700905,-1.803665846921696,-1.3594450833321932,0.0,0.0,0.0,2.721489944338636,2.6547073733620348,2.680705767559254,2.687996300535636
1753458886.8265631,2.3180143183465374,-1.711461018838297,-1.93060635964597,0.0,0.0,0.0,2.7223111543122256,2.6547073733620348,2.680705767559254,2.687972465060284
1753458887.8904295,2.3865218577462386,-1.7662422988498339,-2.0838060064447017,0.0,0.0,0.0,2.735552783399514,2.6706903474875334,2.698544605823864,2.6993586193869126
1753458889.2122235,0.7270429497446838,-2.987267227532927,-2.0523799381942,0.0,0.0,0.0,2.740140775884966,2.6698851110701556,2.694475843206876,2.698544605823864
1753458889.7604895,0.7985600698869542,-4.754068257813961,-1.315421300483831,0.0,0.0,0.0,2.740140775884966,2.669820707889822,2.694475843206876,2.6989520944670997
1753458890.814977,-6.337164776581972e-05,-4.9830964808941856,-0.8027765681604766,0.0,0.0,0.0,2.742258283546699,2.6726749352329033,2.6892018295336073,2.6977306589644776
1753458891.3667982,0.6831899831075159,-0.5126755212939136,-2.429842503850445,0.0,0.0,0.0,2.742258283546699,2.6726749352329033,2.6892018295336073,2.6977306589644776
1753458892.7914793,-0.10255833494395894,1.414487547906182,-1.3683584105057127,0.0,0.0,0.0,2.7368344971764067,2.6670325353406663,2.698544605823864,2.7075267812440127
1753458893.200268,0.15156648539137318,1.5406868790673727,-0.6318733027184491,0.0,0.0,0.0,2.7376608137873024,2.6674702519200846,2.698544605823864,2.708344104617176
1753458894.5187767,-0.4223980050722531,1.504293140798385,0.15897799170104632,0.0,0.0,0.0,2.7120387975619624,2.6412348010151807,2.6936625333002544,2.6989520944670997
1753458895.071319,1.2319552730255605,1.7819269993414464,-0.5619995128478523,0.0,0.0,0.0,2.7116145196682564,2.6412348010151807,2.693261955258851,2.698544605823864
1753458895.8772666,1.4275873221867652,2.428236892031821,0.22782780728368923,0.0,0.0,0.0,2.7067096763146377,2.646702918981713,2.698544605823864,2.698544605823864
1753458896.3850381,2.255340889227937,2.503338770924736,0.4513522208573111,0.0,0.0,0.0,2.7067096763146377,2.6471602530481917,2.698544605823864,2.6993586193869126
1753458897.4417326,2.08970206823958,3.2591176355073763,0.4210413797604633,0.0,0.0,0.0,2.6503572809658102,2.6318251210361847,2.7022132135294203,2.698544605823864
1753458897.9432251,2.1589044125310872,3.4987434510344677,0.315544337249936,0.0,0.0,0.0,2.6503572809658102,2.6310311542179714,2.7018090649384687,2.6977306589644776
1753458898.7519205,2.7720419742687277,3.390312233005119,0.5442914584164398,0.0,0.0,0.0,2.665860981029534,2.6420320766642105,2.7038444775965362,2.7107967782897564
1753458899.297058,2.657155920391599,4.127252576618869,1.1365443595716513,0.0,0.0,0.0,2.665860981029534,2.6412348010151807,2.7038444775965362,2.7107967782897564
1753458900.3507903,2.125578734519287,4.933750712920954,1.6770887326922699,0.0,0.0,0.0,2.566468322568697,2.6318251210361847,2.7038444775965362,2.7136768393956268
1753458901.915759,2.2229886629549203,4.481938384705094,2.3149014101734586,0.0,0.0,0.0,1.8476919107768828,2.4166966788092616,2.7022132135294203,2.70507566769495
1753458902.4258893,2.4086973719042613,4.315194384295914,2.231925264321605,0.0,0.0,0.0,1.8476919107768828,2.4166254975936234,2.7022132135294203,2.7058924869930068
1753458903.6856358,3.379826434363867,4.129550106264588,2.0235382348057094,0.0,0.0,0.0,2.1950830490567306,2.6219940338299343,2.703028736561287,2.7091614947679097
1753458905.0063596,4.274487153700795,3.714103810242042,1.9722305278795593,0.0,0.0,0.0,2.257711369275562,2.6590709868439397,2.703028736561287,2.7058924869930068
1753458905.5628724,4.378205057410463,2.8637106444391014,1.8879115889799731,0.0,0.0,0.0,2.257711369275562,2.6590709868439397,2.7038444775965362,2.7067096763146377
1753458906.1190424,4.047090809774307,2.7230495830126777,2.256550773646574,0.0,0.0,0.0,2.304592500664537,2.6590709868439397,2.703028736561287,2.6851447413993412
1753458906.628076,3.468017422463273,2.214349327161031,1.306621966460813,0.0,0.0,0.0,2.30394570690757,2.658268345584919,2.703028736561287,2.6847547408377137
1753458907.6867266,3.5328926487193417,1.5217410440379204,1.3351918470974873,0.0,0.0,0.0,2.5189768915716106,2.6348608382763703,2.703028736561287,2.6626437013945234
1753458909.0005226,3.5412103602225393,1.2516537671709091,1.0219399110413212,0.0,0.0,0.0,2.5804608312891157,2.6468184864505497,2.7022132135294203,2.6369205354836023
1753458909.55249,2.9696658077129428,1.171795400702944,0.28686934845422307,0.0,0.0,0.0,2.5796823814796137,2.646361240944848,2.7013977574512396,2.6377162955150513
1753458910.4561858,2.98520728911344,2.417872942168114,0.7682702735364666,0.0,0.0,0.0,2.6638110648121915,2.6503572809658102,2.700176623635474,2.6746647118317264
1753458910.9541428,3.6803391660080784,2.9550563890083,0.5458897738913651,0.0,0.0,0.0,2.6638110648121915,2.6503572809658102,2.7005823685142465,2.675094932314626
1753458911.9757545,4.786045697621402,2.886637869851212,0.973758513658836,0.0,0.0,0.0,2.6487584834025744,2.6610358424182903,2.7038444775965362,2.698544605823864
1753458912.5359626,4.680175072234864,3.948605384819725,0.811404882151932,0.0,0.0,0.0,2.6487584834025744,2.6606763269137086,2.7038444775965362,2.698544605823864
1753458913.3007238,4.057674739697628,4.279279493979249,1.3095821148542024,0.0,0.0,0.0,2.638512124234758,2.6710621407819812,2.7038444775965362,2.7136768393956268
1753458913.7499983,4.1025247913435,4.891199228211768,0.18428008858036016,0.0,0.0,0.0,2.639176027525902,2.6710621407819812,2.70425876438063,2.7136768393956268
1753458914.809663,3.1534350660899264,4.751475243292674,-0.1302321135253237,0.0,0.0,0.0,2.696102966104905,2.671868504035743,2.70425876438063,2.716134630478325
1753458916.12668,2.858317755110159,4.901300437617753,-0.14062585046652698,0.0,0.0,0.0,2.7054761596242076,2.6670325353406663,2.70507566769495,2.7153151481098328
1753458916.6760263,2.51693901069161,4.07598975151776,-0.6619216088572621,0.0,0.0,0.0,2.7054761596242076,2.666665582511505,2.70425876438063,2.7153151481098328
1753458917.4774635,2.3133373199568403,4.117293124922842,-0.7386318588817875,0.0,0.0,0.0,2.7153151481098328,2.6650564476565752,2.7038444775965362,2.7144958844213267
1753458917.9816957,2.493550422357222,3.393927963847739,-0.9533337471710519,0.0,0.0,0.0,2.7153151481098328,2.664616217933904,2.7038444775965362,2.7144958844213267
1753458918.7909389,2.969028848791176,3.3640310486386547,-0.5258170239651294,0.0,0.0,0.0,2.719847723271314,2.6650564476565752,2.7038444775965362,2.7128577090270243
1753458920.0508022,3.3661332323421647,4.174381926513215,-1.0113548557015601,0.0,0.0,0.0,2.725216935425258,2.670627696676625,2.7046602853468364,2.7153151481098328
1753458920.59848,3.891553896066428,3.826215753358447,-0.5650826316174711,0.0,0.0,0.0,2.724394410367126,2.670627696676625,2.7038444775965362,2.7153151481098328
1753458921.3985484,4.32970817862296,4.052301068543489,-1.4507256698883069,0.0,0.0,0.0,2.7144958844213267,2.6702559940827344,2.7038444775965362,2.7136768393956268
1753458921.941803,3.657257132952722,4.274498549222848,-1.823850348390042,0.0,0.0,0.0,2.7144958844213267,2.6702559940827344,2.7038444775965362,2.7136768393956268
1753458922.9824052,4.165054587738515,4.037689225858458,-2.2732724912749305,0.0,0.0,0.0,2.735552783399514,2.671868504035743,2.70425876438063,2.7153151481098328
1753458923.533056,4.017931236047442,3.107253613462291,-2.0488181657681173,0.0,0.0,0.0,2.734727574778779,2.671868504035743,2.7038444775965362,2.7153151481098328
1753458924.3402479,4.8364138772795915,2.174474360663657,-0.7468393114339256,0.0,0.0,0.0,2.735552783399514,2.671868504035743,2.7038444775965362,2.7144958844213267
1753458924.8940263,1.681251144768913,2.306780006321972,-1.3772462690571303,0.0,0.0,0.0,2.734727574778779,2.6726749352329033,2.70425876438063,2.7136768393956268
1753458925.958776,1.1278995939535852,2.5694826092460517,-1.4811424908120474,0.0,0.0,0.0,2.725216935425258,2.6626437013945234,2.7022132135294203,2.7104013276967978
1753458926.5103588,0.7795495004218509,2.9060803510888817,-0.4332739204268954,0.0,0.0,0.0,2.725216935425258,2.6626437013945234,2.703028736561287,2.709979103260019
1753458927.5729349,1.375205408762846,3.5378970214790844,0.14913125058216448,0.0,0.0,0.0,2.706292251683288,2.6428295672156383,2.7013977574512396,2.7104013276967978
1753458928.8292904,0.5181313761658766,4.62712353638805,-0.7284319822500862,0.0,0.0,0.0,2.7235717989479262,2.655508549432476,2.7038444775965362,2.7153151481098328
1753458929.3728201,0.5826887138158412,4.471728095761904,-1.6556311347067731,0.0,0.0,0.0,2.7239540780420652,2.655508549432476,2.703856425389099,2.7153151481098328
1753458930.1699257,1.5125806225422753,4.008613991879345,-2.0331920303827293,0.0,0.0,0.0,2.734727574778779,2.6650564476565752,2.7046602853468364,2.7153151481098328
1753458932.6448925,3.8571757128669226,0.8064601181637032,2.4708139232871167,0.0,0.0,0.0,1.6549209237877358,2.5765701325220323,2.6940743316438542,1.9922065699369362
1753458934.7282157,-0.9337493621026223,-0.4808834645753919,2.3327653328991964,0.0,0.0,0.0,1.9400887403115152,1.6636953301423305,1.8109144248503783,2.0895006495801294
1753458936.035343,-1.5065361879938033,-1.1636533642684976,1.9221351453968207,0.0,0.0,0.0,2.4845790429806653,2.1257660158610565,2.1787297761721143,2.408612022433527
