Time,Tx,Ty,Tz,Roll,Pitch,Yaw,L0,L1,L2,L3
1753886031.8005474,-0.5066895783920522,0.6394252811529118,0.6288119690450151,0.0,0.0,0.0,2.743914816553558,2.673049521612316,2.6977306589644776,2.7091614947679097
1753886033.2527652,-0.4728305913555424,-0.10020839825719108,0.40033817280086703,0.0,0.0,0.0,2.743914816553558,2.6710621407819812,2.692449645702058,2.698544605823864
1753886035.4715078,-0.43542318213437525,-0.5037291956208119,0.2907900597739439,0.0,0.0,0.0,2.7447432592872723,2.673481434190201,2.696102966104905,2.7091614947679097
1753886036.8765242,-0.34521480849082664,-0.6265346869227866,0.3563121509302998,0.0,0.0,0.0,2.7447432592872723,2.673481434190201,2.696102966104905,2.708344104617176
1753886037.529996,-0.5229591233797564,-0.40847536663937767,0.818162386658293,0.0,0.0,0.0,2.7447432592872723,2.6726749352329033,2.695692960874288,2.708344104617176
1753886038.4676666,0.09448479136706567,0.27158732104474304,0.14492480171111222,0.0,0.0,0.0,2.745104167477475,2.6726749352329033,2.692449645702058,2.7038444775965362
1753886041.1423326,-0.21558812943462424,0.9424376585914782,-0.03353817693182304,0.0,0.0,0.0,2.743914816553558,2.671868504035743,2.6969167789958517,2.7091614947679097
1753886043.324386,0.6453754525295965,0.8247582681269687,0.5481779741482917,0.0,0.0,0.0,2.7430865942933704,2.671868504035743,2.694475843206876,2.6993586193869126
1753886045.062208,0.7660381557726135,0.8933317436252235,1.1756905617733597,0.0,0.0,0.0,2.741430347922228,2.671868504035743,2.6892018295336073,2.698544605823864
1753886045.7345786,0.655827748881114,1.0550808593878438,1.3420450791726086,0.0,0.0,0.0,2.7409676642529894,2.6710621407819812,2.689597600929867,2.6977306589644776
1753886046.3937826,0.795906664185539,1.324269583454205,2.146968755929107,0.0,0.0,0.0,2.7409676642529894,2.670627696676625,2.687185772513368,2.6977306589644776
1753886047.5762398,0.013201224624826757,0.7851499397871153,2.076838323218901,0.0,0.0,0.0,2.7356375873192538,2.6674702519200846,2.673481434190201,2.6770883065079136
1753886048.1501102,-0.405689323093811,1.2761916415477845,1.0968131239748247,0.0,0.0,0.0,2.736008246735628,2.6674702519200846,2.673049521612316,2.6778963568939864
1753886050.1892564,0.2718024295237651,1.9996747455646302,0.5015158292719244,0.0,0.0,0.0,2.741430347922228,2.6690137881728635,2.687185772513368,2.6993586193869126
1753886050.7116535,-0.6038563795467784,1.944101940800154,-0.49033767070384116,0.0,0.0,0.0,2.742258283546699,2.6694499155584746,2.687185772513368,2.698544605823864
1753886052.9616053,-0.5465719409121021,1.6425593428859067,-1.0395599121329746,0.0,0.0,0.0,2.743914816553558,2.671434902877015,2.6977306589644776,2.709979103260019
1753886055.424663,0.3037875111748427,1.6712464628680586,-1.6098890859967745,0.0,0.0,0.0,2.7442766438480266,2.6726749352329033,2.7013977574512396,2.712432479164965
1753886057.3892455,0.990185241035495,2.08764694432627,-2.096650732175,0.0,0.0,0.0,2.7442766438480266,2.673481434190201,2.7022132135294203,2.7128577090270243
1753886058.0618048,1.4063815029866262,2.2804328889917693,-1.9985429725230057,0.0,0.0,0.0,2.7442766438480266,2.673481434190201,2.7013977574512396,2.7128577090270243
1753886058.9971712,1.4626618898973955,2.970218111680225,-1.6640178166785553,0.0,0.0,0.0,2.7442766438480266,2.673481434190201,2.7022132135294203,2.7128577090270243
1753886061.1865995,1.2383255362317156,3.2736799539756376,-1.5053045531610054,0.0,0.0,0.0,2.7430865942933704,2.672242177916541,2.7013977574512396,2.7120387975619624
1753886061.8545458,0.7909944852025328,2.9291247212611466,-1.2306925684781134,0.0,0.0,0.0,2.7430865942933704,2.672242177916541,2.7013977574512396,2.7120387975619624
1753886063.0237489,-0.043489490618880744,2.5783799376140983,-1.2778020780050758,0.0,0.0,0.0,2.7430865942933704,2.6726749352329033,2.7005823685142465,2.7120387975619624
1753886063.6793244,-0.6224496686329086,3.2340685135854983,-1.3882613689304795,0.0,0.0,0.0,2.7430865942933704,2.6726749352329033,2.7005823685142465,2.7116145196682564
1753886065.623649,-1.1757615595511317,3.5069222738128154,-1.3034711563244135,0.0,0.0,0.0,2.7434491852082634,2.671868504035743,2.7005823685142465,2.7128577090270243
1753886067.5643466,-0.8053503534393256,3.974943976900816,-1.7629623425160705,0.0,0.0,0.0,2.743914816553558,2.671868504035743,2.7013977574512396,2.7136768393956268
1753886068.2374964,-0.43608956121163533,4.293463200059872,-1.7352149491684283,0.0,0.0,0.0,2.743914816553558,2.671868504035743,2.7009927347940392,2.7136768393956268
1753886069.1551542,-0.47475864605301954,4.357262935180849,-1.7462725787337003,0.0,0.0,0.0,2.7430865942933704,2.6710621407819812,2.7013977574512396,2.7136768393956268
1753886071.095072,0.1667433203299149,4.667671375490212,-1.917248022559671,0.0,0.0,0.0,2.7430865942933704,2.671868504035743,2.7022132135294203,2.7136768393956268
1753886071.7628055,0.3448767862519393,4.6864062216600075,-2.038485718293673,0.0,0.0,0.0,2.7430865942933704,2.671868504035743,2.7022132135294203,2.7136768393956268
1753886072.4110405,1.0277773602312843,3.899746297875284,-2.4046660141419296,0.0,0.0,0.0,2.7430865942933704,2.671868504035743,2.7022132135294203,2.7136768393956268
1753886074.071168,1.6944652406005032,4.578653969289627,-1.7136023750903857,0.0,0.0,0.0,2.743914816553558,2.6726749352329033,2.703028736561287,2.7136768393956268
1753886074.7266376,2.569321144974035,4.182010139074659,-1.137237774444046,0.0,0.0,0.0,2.743914816553558,2.6726749352329033,2.703028736561287,2.7144958844213267
1753886077.1701717,3.103122954728825,3.8022360415079888,-0.8900644332070744,0.0,0.0,0.0,2.741430347922228,2.671868504035743,2.7022132135294203,2.7116145196682564
1753886077.8414752,2.4282156767914485,3.402341129271667,-1.353995265469382,0.0,0.0,0.0,2.742258283546699,2.671868504035743,2.7022132135294203,2.7116145196682564
1753886079.0482528,2.5547202466898478,2.3375342858192125,-1.2097144008596743,0.0,0.0,0.0,2.742258283546699,2.6726749352329033,2.7022132135294203,2.7120387975619624
1753886079.7176015,2.9930081341970105,1.840894287988002,-0.9430174673418379,0.0,0.0,0.0,2.7430865942933704,2.6726749352329033,2.7022132135294203,2.7116145196682564
1753886081.9398005,2.9163651158674178,1.7709760601088185,-0.3316862909134768,0.0,0.0,0.0,2.7430865942933704,2.673481434190201,2.7013977574512396,2.709979103260019
1753886082.6068635,2.9414849601088164,1.5296885280000536,-0.29761993940797726,0.0,0.0,0.0,2.7430865942933704,2.673049521612316,2.7022132135294203,2.7107967782897564
1753886083.7779791,2.5192733364680393,1.3876667946785224,-0.6826992421875726,0.0,0.0,0.0,2.742258283546699,2.6726749352329033,2.7005823685142465,2.7075267812440127
1753886085.9771698,2.2826392247532743,1.0321069101975464,-1.2089391072952227,0.0,0.0,0.0,2.743914816553558,2.673049521612316,2.7022132135294203,2.711220104982962
1753886087.6721623,2.3172338311499736,0.78066138082609,-1.603931025203022,0.0,0.0,0.0,2.7442766438480266,2.673481434190201,2.7022132135294203,2.7128577090270243
1753886089.7042193,3.0269229257751142,0.21418955171926246,-1.606298906686841,0.0,0.0,0.0,2.7447432592872723,2.673857082509661,2.7022132135294203,2.7120387975619624
1753886090.3654115,3.4437030809449247,-0.11687871151864737,-1.4314703073529078,0.0,0.0,0.0,2.7447432592872723,2.673857082509661,2.702625614087018,2.7120387975619624
1753886091.284468,3.558903971017102,-0.6269551502480999,-1.5868179882858835,0.0,0.0,0.0,2.7442766438480266,2.6742881494885475,2.703028736561287,2.7120387975619624
1753886091.9579933,3.989628241052504,0.05368970744591284,-1.6091590863172966,0.0,0.0,0.0,2.7447432592872723,2.673481434190201,2.703028736561287,2.7120387975619624
1753886093.0620265,3.5060257793283895,0.28377856604788665,-1.9598387866001499,0.0,0.0,0.0,2.7443814943596747,2.673425078900821,2.7034420798506384,2.7124640868083043
1753886094.7630575,4.206719808670172,0.040577855337515345,-2.2464856977651575,0.0,0.0,0.0,2.7447432592872723,2.6742881494885475,2.7038444775965362,2.7136768393956268
1753886095.4196815,4.896050217437574,-0.6985552118061626,-1.183255263093943,0.0,0.0,0.0,2.7447432592872723,2.6742881494885475,2.703028736561287,2.7136768393956268
1753886097.3533385,4.15423093746104,-0.9842518218857226,-0.9657641684470519,0.0,0.0,0.0,2.745104167477475,2.673481434190201,2.7038444775965362,2.7128577090270243
1753886099.7839665,4.1948014059462935,-1.7965855219112257,-0.91383042888739,0.0,0.0,0.0,2.7455717677590865,2.673857082509661,2.7034420798506384,2.7128577090270243
1753886101.7528303,4.912337020945612,-1.6559621773949065,-0.30842043523079443,0.0,0.0,0.0,2.7447432592872723,2.673481434190201,2.703028736561287,2.7116145196682564
1753886102.424753,4.844381172018311,-2.5989383056935846,0.2542549221745811,0.0,0.0,0.0,2.7455717677590865,2.673857082509661,2.7038444775965362,2.7116145196682564
1753886103.8679783,4.751568074380327,-3.4342780386706737,0.03342531641447266,0.0,0.0,0.0,2.7455717677590865,2.6742881494885475,2.7038444775965362,2.7116145196682564
1753886106.3288536,4.3401259703822905,-3.7006744327405396,0.37751887334418655,0.0,0.0,0.0,2.7455717677590865,2.6742881494885475,2.7038444775965362,2.7128577090270243
1753886108.5328584,4.044700590742078,-4.629496504011243,0.6058591045360817,0.0,0.0,0.0,2.7455717677590865,2.673857082509661,2.7034420798506384,2.7136768393956268
1753886109.1925821,4.168786806706899,-4.944131421418168,0.6312022107659714,0.0,0.0,0.0,2.7455717677590865,2.6746647118317264,2.7034420798506384,2.7144958844213267
1753886110.115281,4.375614839862916,-4.999576594666472,1.6231221811789789,0.0,0.0,0.0,2.7447432592872723,2.673481434190201,2.70425876438063,2.71410403500957
1753886112.3022695,4.194958302589459,-4.081167044738362,1.4162546157409288,0.0,0.0,0.0,2.7447432592872723,2.6742881494885475,2.7038444775965362,2.7116145196682564
1753886112.959325,4.151215061560354,-3.9909336372240203,1.9644312321740092,0.0,0.0,0.0,2.7455717677590865,2.6742881494885475,2.7034420798506384,2.7116145196682564
1753886113.8954046,3.4248818513232973,-4.5460521393915565,2.0763939131549476,0.0,0.0,0.0,2.7455717677590865,2.6742881494885475,2.7038444775965362,2.7091614947679097
1753886116.330894,3.1500300902361023,-4.418383914006517,1.199802541034336,0.0,0.0,0.0,2.7455717677590865,2.6742881494885475,2.703028736561287,2.7120387975619624
1753886117.0000448,2.9806907010831107,-4.824030104992713,0.8128117713444944,0.0,0.0,0.0,2.7447432592872723,2.6742881494885475,2.7038444775965362,2.7120387975619624
1753886117.9182475,3.1441939796940197,-4.938474699678981,0.8961934595822725,0.0,0.0,0.0,2.7455717677590865,2.6742881494885475,2.7038444775965362,2.7136768393956268
1753886120.6105645,3.1715877043027803,-3.2648656850361557,1.1903689871172847,0.0,0.0,0.0,2.7455717677590865,2.6742335538065,2.702625614087018,2.7091614947679097
1753886121.273675,3.4114205762812944,-3.1924569758530663,0.6582335261699237,0.0,0.0,0.0,2.7455717677590865,2.6742881494885475,2.703028736561287,2.7091614947679097
1753886122.2091522,4.296986042495337,-2.9632779954750745,1.2781326538433602,0.0,0.0,0.0,2.7447432592872723,2.673481434190201,2.7038444775965362,2.7107967782897564
1753886124.6680357,4.020154020464409,-2.6361748305384203,1.6851392017278117,0.0,0.0,0.0,2.7447432592872723,2.673857082509661,2.703028736561287,2.6993586193869126
1753886125.2916863,3.7473562482701066,-2.2640315727741154,1.5845370156244716,0.0,0.0,0.0,2.7447432592872723,2.6742881494885475,2.703028736561287,2.698544605823864
1753886126.2391732,2.8726647074281715,-2.4741870403991983,1.7083572722439193,0.0,0.0,0.0,2.7442766438480266,2.673857082509661,2.7022132135294203,2.6989520944670997
1753886126.8993235,2.7204208350321757,-2.1392217154013258,1.558539575985101,0.0,0.0,0.0,2.7447432592872723,2.673481434190201,2.7022132135294203,2.698544605823864
1753886128.3491979,2.547323969761287,-1.3487306182221435,2.3960059913664002,0.0,0.0,0.0,2.7447432592872723,2.6742881494885475,2.7005823685142465,2.69813705869903
1753886131.8229115,3.1277858517520993,0.1744182420157383,2.3421834637135204,0.0,0.0,0.0,2.740140775884966,2.673481434190201,2.693261955258851,2.672242177916541
1753886132.5559838,2.3991532671262314,-0.02289240352248889,1.1243593379584214,0.0,0.0,0.0,2.740140775884966,2.673049521612316,2.693261955258851,2.672242177916541
1753886134.4784899,2.789429310164657,0.23440274852563192,0.7502489937896235,0.0,0.0,0.0,2.743914816553558,2.673481434190201,2.6977306589644776,2.698544605823864
1753886136.5780246,2.3870882595763216,-0.38608763689981807,0.17862604056303155,0.0,0.0,0.0,2.743914816553558,2.673481434190201,2.7005823685142465,2.7067096763146377
1753886137.2626145,2.3102023442313087,-0.6620002702675176,0.7222089468805777,0.0,0.0,0.0,2.7442766438480266,2.673049521612316,2.7005823685142465,2.7067096763146377
1753886138.2661574,2.4889842273921534,-1.1354330303687457,0.6496654190460749,0.0,0.0,0.0,2.7442766438480266,2.673481434190201,2.6993586193869126,2.6993586193869126
1753886138.9546719,3.3306775372104838,-1.3417633687739619,0.5730487014113423,0.0,0.0,0.0,2.743914816553558,2.673857082509661,2.6993586193869126,2.698544605823864
1753886140.6481175,3.18408760323787,-0.9190357628445707,0.12219714340618815,0.0,0.0,0.0,2.7447432592872723,2.6742881494885475,2.7013977574512396,2.7058924869930068
1753886141.3222306,4.255106086159536,-0.15917050563164636,-0.24882245656504143,0.0,0.0,0.0,2.7447432592872723,2.6742881494885475,2.7022132135294203,2.70507566769495
1753886143.519442,4.11542234402315,0.5032892585406685,0.431906229552693,0.0,0.0,0.0,2.7447432592872723,2.673481434190201,2.703028736561287,2.709979103260019
1753886144.1262324,4.574957097621722,0.013661792822180274,0.7646171305725464,0.0,0.0,0.0,2.7447432592872723,2.673481434190201,2.7022132135294203,2.7091614947679097
1753886145.7863703,4.571704474535231,-0.2782238249690705,1.1809159260588356,0.0,0.0,0.0,2.743914816553558,2.673481434190201,2.7022132135294203,2.698544605823864
1753886146.4467752,4.794954090816921,-0.34067811293785155,1.206088430529169,0.0,0.0,0.0,2.743914816553558,2.673857082509661,2.703028736561287,2.698544605823864
1753886147.3940227,4.50996275401468,-1.213489897770006,0.8743237209661365,0.0,0.0,0.0,2.743914816553558,2.673857082509661,2.703028736561287,2.698544605823864
1753886148.0426943,4.9026717823733375,0.3498708934036445,2.041058757280264,0.0,0.0,0.0,2.743914816553558,2.673481434190201,2.703028736561287,2.6989520944670997
1753886149.4950967,4.913398848898417,0.9113259230591861,1.3294661981561036,0.0,0.0,0.0,2.7417947725382668,2.673857082509661,2.7013977574512396,2.687185772513368
1753886150.1587467,4.470159112383611,1.8572361849316712,2.231446171977714,0.0,0.0,0.0,2.7417947725382668,2.673481434190201,2.7013977574512396,2.687185772513368
1753886152.1339571,4.716930931128754,2.2210073566290216,1.8850095702684282,0.0,0.0,0.0,2.7314283216687167,2.673481434190201,2.699767197801179,2.6770883065079136
1753886152.815791,4.3979098694592285,2.4375233719432776,1.0693048481899337,0.0,0.0,0.0,2.7314283216687167,2.673049521612316,2.699767197801179,2.6770883065079136
1753886154.5308082,4.171810386094151,3.259287217662383,0.47192658928891396,0.0,0.0,0.0,2.7376608137873024,2.6726749352329033,2.7013977574512396,2.698544605823864
1753886155.224974,4.5917690687775,3.6726560276506746,0.5547882230295818,0.0,0.0,0.0,2.7376608137873024,2.673481434190201,2.7013977574512396,2.6989520944670997
1753886156.9706995,4.256001685529723,4.79717592273987,1.0034599955695453,0.0,0.0,0.0,2.7376608137873024,2.673481434190201,2.7022132135294203,2.6989520944670997
1753886157.7696905,3.992221457196818,3.9897048675245337,2.4382286635688075,0.0,0.0,0.0,2.7376608137873024,2.673481434190201,2.7022132135294203,2.698544605823864
1753886160.038983,3.1518123880262543,3.77250611299848,1.8222676386566423,0.0,0.0,0.0,2.7058924869930068,2.6698851110701556,2.698544605823864,2.6726749352329033
1753886160.778661,2.6324362796749154,3.164504276105527,1.6787949894879723,0.0,0.0,0.0,2.7054761596242076,2.6694499155584746,2.6989520944670997,2.6726749352329033
1753886163.002697,1.7658828583429207,3.2538109874235506,1.7119332736576292,0.0,0.0,0.0,2.726039679930453,2.669080090446576,2.693261955258851,2.6892018295336073
1753886163.6771462,1.9456179468622796,2.309931905001923,1.5705529405619636,0.0,0.0,0.0,2.7268626438996852,2.6678382602188706,2.6940743316438542,2.6892018295336073
1753886165.1527963,1.0101883443700128,2.429681666864213,1.8937263752617897,0.0,0.0,0.0,2.732704371515567,2.6690137881728635,2.690013570098739,2.690013570098739
1753886165.8147655,-0.021932188759059557,2.466634733555563,1.7442219424771412,0.0,0.0,0.0,2.732252959057337,2.669080090446576,2.690013570098739,2.690013570098739
1753886168.2739432,0.020391327485834942,3.004699184586727,1.489443912500283,0.0,0.0,0.0,2.7339025857348846,2.661479320621566,2.6778963568939864,2.6908255281110494
1753886171.010747,-0.7329853088225766,3.275924527060731,0.6499164096542955,0.0,0.0,0.0,2.7393141074179033,2.665860981029534,2.69163755337417,2.703028736561287
1753886171.6656156,-1.1126753750341378,4.183535738991985,-0.22877759400337272,0.0,0.0,0.0,2.7393141074179033,2.6654215881293104,2.69163755337417,2.7038444775965362
1753886173.556129,-0.7153709803292188,4.065649026991023,-0.5249027373920245,0.0,0.0,0.0,2.7417947725382668,2.6678382602188706,2.6977286995442884,2.7116145196682564
1753886174.181932,-1.6730529466522803,3.8706113551561234,-0.654818044885862,0.0,0.0,0.0,2.742258283546699,2.6674702519200846,2.6977306589644776,2.711220104982962
1753886175.381015,-2.4731495670704904,3.600024030511044,-0.9051832440128589,0.0,0.0,0.0,2.7435522879079075,2.6698851110701556,2.698544605823864,2.712432479164965
1753886176.0686333,-3.227696575249487,3.7517558131173185,-0.780316005813031,0.0,0.0,0.0,2.7430865942933704,2.6698851110701556,2.698544605823864,2.712432479164965
1753886178.0225806,-3.662721493159682,3.8677777245684375,-0.7093318112836062,0.0,0.0,0.0,2.7442766438480266,2.6702559940827344,2.698544605823864,2.7144958844213267
1753886179.9160304,-3.6648898231277736,4.167812145102181,-0.279225702815471,0.0,0.0,0.0,2.745104167477475,2.6678382602188706,2.69813705869903,2.7136768393956268
1753886181.647646,-3.6727409138997524,3.5204863097576435,0.0399767771363817,0.0,0.0,0.0,2.7442766438480266,2.6674702519200846,2.696102966104905,2.7136768393956268
1753886182.2643735,-4.2311048754228935,2.939607277755254,0.3346134657653721,0.0,0.0,0.0,2.743914816553558,2.6674702519200846,2.69528937099854,2.7144958844213267
1753886183.6580195,-4.781866474659468,2.903400333220622,0.1806675114743772,0.0,0.0,0.0,2.7447432592872723,2.668275137335596,2.6940743316438542,2.7136768393956268
1753886185.5533981,-4.999035233023896,2.7502875839548944,0.12505598986051325,0.0,0.0,0.0,2.7455717677590865,2.6702559940827344,2.6969167789958517,2.7153151481098328
1753886186.2296731,-4.933248925217447,2.268071017369464,0.05014834306166405,0.0,0.0,0.0,2.7455717677590865,2.6702559940827344,2.6969167789958517,2.7153151481098328
1753886187.1684825,-4.4329878886857195,2.273653037868578,-0.2156865518344384,0.0,0.0,0.0,2.7455717677590865,2.6710621407819812,2.696102966104905,2.7144958844213267
1753886189.408545,-4.851213032266103,2.2865463817419993,-1.0372469800948365,0.0,0.0,0.0,2.7455717677590865,2.672242177916541,2.7005823685142465,2.7153151481098328
1753886191.8639784,-4.815562167696292,1.9424680436909743,-2.3364460251956984,0.0,0.0,0.0,2.7455717677590865,2.673049521612316,2.7022132135294203,2.7153151481098328
1753886192.532797,-3.978580076845991,2.0490792777912104,-2.295133588082012,0.0,0.0,0.0,2.7455717677590865,2.673481434190201,2.7013977574512396,2.7153151481098328
1753886193.6932254,-4.057369026341776,1.2530255022524628,-2.18902835098737,0.0,0.0,0.0,2.7455717677590865,2.6726749352329033,2.7018090649384687,2.7144958844213267
1753886196.0779681,-4.097082209336344,0.8425099574046566,-1.7424828873176996,0.0,0.0,0.0,2.7455717677590865,2.673481434190201,2.7013977574512396,2.714924186469843
1753886198.0515435,-3.4932069552817593,0.5446838131647045,-2.292092976477953,0.0,0.0,0.0,2.7447432592872723,2.673481434190201,2.7013977574512396,2.7153151481098328
1753886200.2306707,-3.840016195694076,-0.3528558525801282,-1.8884852698438293,0.0,0.0,0.0,2.7455717677590865,2.673481434190201,2.7022132135294203,2.7153151481098328
1753886200.8811724,-3.5912082726997676,-0.6562897841682638,-0.6892303002910389,0.0,0.0,0.0,2.7455717677590865,2.673481434190201,2.7013977574512396,2.7153151481098328
1753886202.573618,-2.8864324012743925,-0.9188391124932789,-0.4317363826137486,0.0,0.0,0.0,2.7455717677590865,2.673049521612316,2.6993605805831415,2.7144958844213267
1753886204.7811666,-2.643491676663592,-0.5439909480434677,-0.6883225558951966,0.0,0.0,0.0,2.7447432592872723,2.673481434190201,2.6993586193869126,2.7136768393956268
1753886205.4616785,-2.9459797045284697,-0.1814380880551072,-0.22528559363037637,0.0,0.0,0.0,2.7455717677590865,2.673481434190201,2.6989520944670997,2.7136768393956268
1753886206.5983253,-2.3109831498418307,0.1921077819811554,0.2564267063685448,0.0,0.0,0.0,2.7455717677590865,2.673049521612316,2.6969167789958517,2.7136768393956268
1753886208.803928,-2.8667938555500516,-0.030765542090644082,0.9818235846038452,0.0,0.0,0.0,2.7455717677590865,2.671868504035743,2.6892018295336073,2.711220104982962
1753886210.722295,-2.981152930523636,0.21515350341418227,1.6617850250803432,0.0,0.0,0.0,2.7455717677590865,2.6710621407819812,2.6778963568939864,2.7091614947679097
1753886211.3393471,-2.4231450066992477,-0.1487574706454451,2.003209715071929,0.0,0.0,0.0,2.7447432592872723,2.6710621407819812,2.6778963568939864,2.709979103260019
1753886212.5074198,-2.8683536364568827,-0.24136906590589646,2.297114524325437,0.0,0.0,0.0,2.7447432592872723,2.6702559940827344,2.6702559940827344,2.698544605823864
1753886214.7279608,-3.2456388005997594,-0.8435550992493894,2.4164957389759927,0.0,0.0,0.0,2.7455717677590865,2.6726749352329033,2.661479320621566,2.709979103260019
1753886215.3816576,-2.211246600757053,-1.4030314699504034,1.9409403655954467,0.0,0.0,0.0,2.7447432592872723,2.6726749352329033,2.6606763269137086,2.7091614947679097
1753886217.0613039,-1.8991837265386224,-1.4181599152525672,1.7492410242649434,0.0,0.0,0.0,2.7455717677590865,2.6726749352329033,2.6787046240542636,2.708344104617176
1753886217.7307167,-1.9082560079191788,-1.1957108096645208,1.9205780188928419,0.0,0.0,0.0,2.7455717677590865,2.673481434190201,2.6778963568939864,2.7075267812440127
1753886218.6536756,-1.3045790669485346,-0.39537779846162824,1.797841617025707,0.0,0.0,0.0,2.7455717677590865,2.673481434190201,2.6778963568939864,2.7038444775965362
1753886220.875005,-0.9502965597871089,-1.7582185096737115,2.392512496089674,0.0,0.0,0.0,2.7455717677590865,2.673481434190201,2.671868504035743,2.6989520944670997
1753886221.5454936,0.19917371596251154,-2.4794351949095903,2.1079330365556963,0.0,0.0,0.0,2.7447432592872723,2.673857082509661,2.6726749352329033,2.698544605823864
1753886223.4823895,0.7994438815369804,-2.2368534039170807,2.019662394424171,0.0,0.0,0.0,2.7447432592872723,2.6742881494885475,2.690013570098739,2.698544605823864
1753886224.1563122,1.3111147266520442,-2.344809577408796,1.8433309019200381,0.0,0.0,0.0,2.7455717677590865,2.673481434190201,2.690013570098739,2.698544605823864
1753886225.8397615,0.763715009466015,-3.131794119883172,0.5593691166266543,0.0,0.0,0.0,2.7447432592872723,2.673857082509661,2.696102966104905,2.698544605823864
1753886226.4572845,0.2400951876516766,-3.289216859816544,0.6130253985284764,0.0,0.0,0.0,2.7455717677590865,2.673857082509661,2.696102966104905,2.698544605823864
1753886228.9148211,0.5156057404294003,-4.09473767866352,0.5976548371735979,0.0,0.0,0.0,2.7455717677590865,2.673481434190201,2.7013977574512396,2.712432479164965
1753886231.628864,0.9906607133734235,-4.551348990372038,0.8795267796970991,0.0,0.0,0.0,2.7447432592872723,2.673857082509661,2.703028736561287,2.7136768393956268
1753886233.5791445,1.385012376359498,-4.428468752845268,0.03447979605263729,0.0,0.0,0.0,2.7455717677590865,2.673857082509661,2.703028736561287,2.7144958844213267
1753886234.2457151,0.7790267489069258,-3.4385940236778687,-0.5072642726467897,0.0,0.0,0.0,2.7455717677590865,2.6742881494885475,2.703028736561287,2.7136768393956268
1753886235.915498,1.4024671169413159,-3.519706406494639,-0.9787758037216392,0.0,0.0,0.0,2.7455717677590865,2.6742335538065,2.703028736561287,2.7136768393956268
1753886236.5738335,1.1933883808596306,-2.7554055792668652,-1.7117234838379558,0.0,0.0,0.0,2.7455717677590865,2.6742881494885475,2.7022132135294203,2.7136768393956268
1753886238.527355,0.43706462581423544,-2.1831214829830503,-1.8362263723450856,0.0,0.0,0.0,2.7455717677590865,2.673481434190201,2.703028736561287,2.7136768393956268
1753886239.2039237,0.22582100240835867,-2.758168338484399,-1.6413242897803655,0.0,0.0,0.0,2.7447432592872723,2.673481434190201,2.703028736561287,2.7136768393956268
1753886240.6694274,-0.900145367137708,-2.6530403771448743,-1.7654841779434938,0.0,0.0,0.0,2.7447432592872723,2.673481434190201,2.703028736561287,2.7136768393956268
1753886243.1311452,-0.9557489639457799,-2.5016673688268556,-2.2405991005939017,0.0,0.0,0.0,2.7447432592872723,2.673481434190201,2.703028736561287,2.7153151481098328
1753886243.7924626,-0.8342456500446911,-2.7919748472321757,-1.0856083797797222,0.0,0.0,0.0,2.7455717677590865,2.673857082509661,2.7022132135294203,2.7153151481098328
1753886245.4825053,-1.8410531133641928,-3.063347065989066,-0.8941980001903778,0.0,0.0,0.0,2.7455717677590865,2.673857082509661,2.7022132135294203,2.7144958844213267
1753886246.1428585,-2.3257639291974663,-2.954814143688269,-1.8142399998174215,0.0,0.0,0.0,2.7455717677590865,2.673425078900821,2.7022132135294203,2.7136768393956268
1753886248.307335,-3.3243785653007594,-3.59907329395167,-1.670365409665611,0.0,0.0,0.0,2.7455717677590865,2.6742335538065,2.703028736561287,2.7153151481098328
1753886251.0378985,-3.25621830237489,-4.269012205351038,-1.1557764155443129,0.0,0.0,0.0,2.7455717677590865,2.6742881494885475,2.703028736561287,2.7153151481098328
1753886252.9518745,-2.8756772208361445,-4.1329624449439715,-0.4579530749960723,0.0,0.0,0.0,2.7455717677590865,2.673857082509661,2.703028736561287,2.714924186469843
1753886254.4106486,-3.0176342524545663,-4.233012273437961,-0.17352877165016833,0.0,0.0,0.0,2.7447432592872723,2.6742335538065,2.703028736561287,2.7153151481098328
1753886256.1053026,-2.7160904604442204,-4.488446296703296,0.34850309354926834,0.0,0.0,0.0,2.7447432592872723,2.673481434190201,2.7022132135294203,2.7153151481098328
1753886257.820314,-2.9762974086379277,-4.49542543276086,0.7324805805446788,0.0,0.0,0.0,2.7447432592872723,2.6742881494885475,2.7022132135294203,2.7153151481098328
1753886258.4902894,-3.497420708514695,-4.140078339610447,0.8232710680212723,0.0,0.0,0.0,2.7455717677590865,2.6742881494885475,2.7022132135294203,2.7157444052641133
1753886259.6405427,-3.503644985776866,-3.498735966928087,1.612120025967985,0.0,0.0,0.0,2.7447432592872723,2.6742881494885475,2.7013977574512396,2.7153151481098328
1753886262.6009996,-3.3644145223005317,-2.503611742365325,1.6603250740845557,0.0,0.0,0.0,2.7447432592872723,2.673857082509661,2.6908255281110494,2.7136768393956268
1753886263.2627444,-3.723912132656494,-2.1243628005742865,1.0202059338259675,0.0,0.0,0.0,2.7455717677590865,2.673481434190201,2.6908255281110494,2.7136768393956268
1753886264.431829,-3.346762849937197,-2.696570243313033,0.7280005713495976,0.0,0.0,0.0,2.7455717677590865,2.673857082509661,2.69528937099854,2.7144958844213267
1753886265.1044939,-2.201450344051532,-2.995491940609697,0.8847720666477104,0.0,0.0,0.0,2.7447432592872723,2.673481434190201,2.694475843206876,2.7144958844213267
1753886267.308998,-1.4968379310676272,-2.8643601911874192,0.8667660192109223,0.0,0.0,0.0,2.7447432592872723,2.673481434190201,2.69813705869903,2.7136768393956268
1753886267.960755,-1.093133224042604,-3.30918758212937,0.600474420342934,0.0,0.0,0.0,2.7455717677590865,2.6742335538065,2.6977306589644776,2.7144958844213267
1753886269.677192,-0.6023214037626872,-3.3560868848063965,-0.0976923855108991,0.0,0.0,0.0,2.7447432592872723,2.673857082509661,2.7005823685142465,2.7136768393956268
1753886270.33365,0.5361114019703059,-2.361692335137703,-0.0008974747932617433,0.0,0.0,0.0,2.7455717677590865,2.6742881494885475,2.700172850395778,2.7136768393956268
1753886272.7906914,1.2486889798483691,-2.011473722324224,0.17004398829133338,0.0,0.0,0.0,2.7447432592872723,2.673481434190201,2.7005823685142465,2.7116145196682564
1753886273.3970122,1.390490197073607,-0.7191299665237674,1.060676356462766,0.0,0.0,0.0,2.7447432592872723,2.673481434190201,2.7013977574512396,2.7116145196682564
1753886276.1459806,1.0995053821065701,-0.502973061665152,1.3176979191658553,0.0,0.0,0.0,2.743914816553558,2.673481434190201,2.696102966104905,2.698544605823864
1753886276.813079,1.7063627818841294,0.16096594425186517,0.5695841639437944,0.0,0.0,0.0,2.7447432592872723,2.673481434190201,2.69528937099854,2.6989520944670997
1753886278.2206986,1.9445697848922583,0.5092573304677313,0.2799343307787745,0.0,0.0,0.0,2.743914816553558,2.673481434190201,2.6969167789958517,2.698544605823864
1753886279.882652,1.412097078268034,0.489767657327679,0.17878336385378368,0.0,0.0,0.0,2.7430865942933704,2.673481434190201,2.6977286995442884,2.7046602853468364
1753886280.561654,1.2526678769432937,-0.05415904551224493,0.11267184112513151,0.0,0.0,0.0,2.7430865942933704,2.6726749352329033,2.69813705869903,2.70425876438063
1753886281.4917645,0.8882785573176637,-0.31418931153780605,-0.8105411939965135,0.0,0.0,0.0,2.7447432592872723,2.673481434190201,2.698544605823864,2.7067096763146377
1753886282.1530018,0.6500943816826252,-0.8988318579226098,-0.8897330667696064,0.0,0.0,0.0,2.743914816553558,2.673481434190201,2.698544605823864,2.7067096763146377
1753886284.111824,0.9288466388628844,-0.15814952615144762,-1.6224469896484233,0.0,0.0,0.0,2.7447432592872723,2.673481434190201,2.7013977574512396,2.7120387975619624
1753886286.822788,0.6979162656553353,0.3924972113707712,-1.6252356498746845,0.0,0.0,0.0,2.7447432592872723,2.673481434190201,2.7013977574512396,2.7132839510723747
1753886288.7278144,1.3517294503796409,0.6421508580844275,-1.0780205697710716,0.0,0.0,0.0,2.7447432592872723,2.673481434190201,2.7013977574512396,2.7116145196682564
1753886289.3662505,1.4881007805539799,1.235512538963773,-1.4864766537432845,0.0,0.0,0.0,2.7442766438480266,2.6726749352329033,2.7005823685142465,2.711220104982962
1753886290.5925784,1.5048550476756972,1.1884944026266497,-1.8948509461856249,0.0,0.0,0.0,2.7442766438480266,2.673481434190201,2.7022132135294203,2.7124640868083043
1753886291.2553077,1.7658000031770893,1.5879221822160154,-1.745450523177412,0.0,0.0,0.0,2.743914816553558,2.673481434190201,2.7013977574512396,2.7128577090270243
1753886292.142792,0.21211132589479398,1.2258031751971474,-2.4918964707417937,0.0,0.0,0.0,2.743914816553558,2.673481434190201,2.7022132135294203,2.7124640868083043
1753886292.821651,-0.536805692107758,2.2134725478771644,-2.180404365518647,0.0,0.0,0.0,2.743914816553558,2.673481434190201,2.7022132135294203,2.7128577090270243
1753886295.6502147,-0.16544219058825504,3.482267484242712,-1.7326395276401056,0.0,0.0,0.0,2.7447432592872723,2.673049521612316,2.7022132135294203,2.7136768393956268
1753886296.303108,-1.025412408113735,4.903121824939964,-1.0744359476109695,0.0,0.0,0.0,2.7447432592872723,2.673049521612316,2.7018090649384687,2.7144958844213267
1753886299.7557151,-2.0612968821168707,4.1479518563181585,0.37673572086751195,0.0,0.0,0.0,2.7430865942933704,2.6702559940827344,2.7005823685142465,2.7136768393956268
1753886300.4223475,-2.403062661426606,3.529077335183068,-0.009261244923527201,0.0,0.0,0.0,2.7430865942933704,2.6702559940827344,2.7005823685142465,2.7136768393956268
1753886303.1435153,-2.965520973358793,2.9688287553180537,-0.7311232929816351,0.0,0.0,0.0,2.743914816553558,2.668275137335596,2.696102966104905,2.7128577090270243
1753886305.3536713,-3.066032473556609,2.8500471254088975,-0.691614584264072,0.0,0.0,0.0,2.7447432592872723,2.6702559940827344,2.698544605823864,2.7136768393956268
1753886306.0069225,-3.720651702071506,2.2663065223108667,0.5246815853286302,0.0,0.0,0.0,2.7442766438480266,2.6702559940827344,2.698544605823864,2.7144958844213267
1753886307.9573128,-4.107356931526255,2.503734720352665,0.7103515273452903,0.0,0.0,0.0,2.7442766438480266,2.668275137335596,2.69163755337417,2.7136768393956268
1753886308.6398423,-4.612201034269653,2.2341354431324394,0.9443322129751368,0.0,0.0,0.0,2.7447432592872723,2.6686440536856395,2.69163755337417,2.7136768393956268
1753886310.0571725,-3.4506250259545057,1.9246191971622988,1.1806865076285158,0.0,0.0,0.0,2.7447432592872723,2.6678382602188706,2.6892018295336073,2.7144958844213267
1753886310.7153587,-2.6175215973288157,1.237551686769912,1.6404010451184288,0.0,0.0,0.0,2.7447432592872723,2.668275137335596,2.690013570098739,2.7136768393956268
1753886313.4165125,-1.7732573514320062,1.0934282589077675,0.8357056035513155,0.0,0.0,0.0,2.743914816553558,2.665860981029534,2.6758508597472157,2.7054761596242076
1753886314.0766582,-1.2747751450225286,1.0257594068876301,-0.4360332544240886,0.0,0.0,0.0,2.743914816553558,2.6662270273255744,2.675472409395155,2.7054761596242076
1753886317.0395606,-0.826721703982324,0.5083999138325614,-1.5679692010497344,0.0,0.0,0.0,2.7442766438480266,2.6726749352329033,2.6977306589644776,2.7120387975619624
1753886317.7103887,-1.4170149223653175,0.31670870879578317,-1.8804951144953024,0.0,0.0,0.0,2.7442766438480266,2.671868504035743,2.6977306589644776,2.7116145196682564
1753886319.6699088,-2.2882723415668615,0.6559592850531448,-2.1217670507610253,0.0,0.0,0.0,2.7455717677590865,2.673049521612316,2.7013977574512396,2.7136768393956268
1753886321.854875,-2.094886477507134,-0.4005487359087301,-2.384545696216242,0.0,0.0,0.0,2.7447432592872723,2.673481434190201,2.7022132135294203,2.7144958844213267
1753886322.5219362,-0.5381130493342976,-0.24271056827340765,-2.1927264950767045,0.0,0.0,0.0,2.7455717677590865,2.673481434190201,2.7022132135294203,2.714924186469843
1753886324.6957831,-0.45757980341574367,-1.2946358761963426,-2.1934068787595207,0.0,0.0,0.0,2.7455717677590865,2.673481434190201,2.7022132135294203,2.7144958844213267
1753886325.369292,-0.37842421215801725,-1.322730164991249,-1.443548900598861,0.0,0.0,0.0,2.7447432592872723,2.6742881494885475,2.7022132135294203,2.7144958844213267
1753886327.069453,-0.3463879723277197,-0.04461904072974665,-0.8985324283188045,0.0,0.0,0.0,2.7447432592872723,2.673857082509661,2.7022132135294203,2.7136768393956268
1753886329.768639,-0.4940127490395625,-1.5730010275541648,0.15599653611152853,0.0,0.0,0.0,2.7447432592872723,2.673857082509661,2.69813705869903,2.711220104982962
1753886330.4370193,-2.3994700944298195,-1.824299370017024,0.5309142929129393,0.0,0.0,0.0,2.7447432592872723,2.673857082509661,2.6989520944670997,2.7107967782897564
1753886332.8880606,-2.364100159059838,-1.2398175999741765,-0.3484155164686702,0.0,0.0,0.0,2.7455717677590865,2.673857082509661,2.696102966104905,2.7136768393956268
1753886333.5553262,-3.5780207153570998,-1.005334808657362,0.21423233174853085,0.0,0.0,0.0,2.7455717677590865,2.673481434190201,2.696102966104905,2.7136768393956268
1753886335.5083833,-3.6205028564679145,-1.7296187098908709,0.0014779515522871378,0.0,0.0,0.0,2.7455717677590865,2.673481434190201,2.6965074918525493,2.7136768393956268
1753886336.1822238,-4.280830804001557,-1.2235672927113859,-0.6795347586925105,0.0,0.0,0.0,2.7455717677590865,2.673481434190201,2.6965074918525493,2.7136768393956268
1753886337.8496416,-4.709626956148451,-1.3288070138287242,-1.6656658132734088,0.0,0.0,0.0,2.7455717677590865,2.673857082509661,2.700176623635474,2.7153151481098328
1753886338.512348,-4.252267868368442,-2.7550268096387596,-1.6941649254031532,0.0,0.0,0.0,2.7447432592872723,2.673049521612316,2.7005823685142465,2.714924186469843
1753886340.7295477,-4.029463425530087,-3.2193975912571196,-1.0435501686623527,0.0,0.0,0.0,2.7447432592872723,2.673857082509661,2.703028736561287,2.7153151481098328
1753886341.37408,-3.651524918366813,-3.131374191735813,-0.8927763355453884,0.0,0.0,0.0,2.7455717677590865,2.6742881494885475,2.703028736561287,2.7153151481098328
1753886342.8202944,-3.1068110811257665,-3.4086973613635383,-0.6107918514505868,0.0,0.0,0.0,2.7447432592872723,2.673481434190201,2.7022132135294203,2.7153151481098328
1753886344.7851903,-3.6320419902807033,-2.3929038013519466,-1.075751208489117,0.0,0.0,0.0,2.7455717677590865,2.6742881494885475,2.7022132135294203,2.7153151481098328
1753886345.4682143,-4.880295696619705,-4.143832101903114,-1.034418102585437,0.0,0.0,0.0,2.7455717677590865,2.673481434190201,2.7022132135294203,2.7153151481098328
1753886348.1692734,-4.9602109775790515,-4.3850230498614415,-0.14519539026581185,0.0,0.0,0.0,2.7455717677590865,2.6742881494885475,2.703028736561287,2.7153151481098328
1753886348.8199692,-4.433763444022678,-4.159657998259265,1.2927120804433039,0.0,0.0,0.0,2.7455717677590865,2.673857082509661,2.703028736561287,2.7153151481098328
1753886351.7625113,-4.839923113761503,-4.570921951423892,1.7920020191820738,0.0,0.0,0.0,2.7455717677590865,2.6742881494885475,2.7013977574512396,2.7153151481098328
1753886352.4329352,-3.4332939240910934,-4.57984631673656,2.072485721972627,0.0,0.0,0.0,2.7455717677590865,2.6742881494885475,2.7013977574512396,2.714924186469843
1753886354.1109493,-2.545441790473213,-3.943136825687912,2.4471276992663427,0.0,0.0,0.0,2.7455717677590865,2.673481434190201,2.699767197801179,2.7153151481098328
1753886354.7652977,-1.77409198409174,-3.674954819474847,2.30132962488696,0.0,0.0,0.0,2.7447432592872723,2.673481434190201,2.700172850395778,2.7153151481098328
1753886357.2250059,-1.3309691403611126,-3.605447819127142,1.502831348364265,0.0,0.0,0.0,2.7455717677590865,2.6742881494885475,2.6928492909448383,2.7136768393956268
1753886357.877354,-1.0835095126229657,-4.340331900020477,1.766899013696471,0.0,0.0,0.0,2.7455717677590865,2.673857082509661,2.692449645702058,2.7128577090270243
1753886359.5205662,-1.1017720283176304,-4.7132403373535094,1.5634760982054487,0.0,0.0,0.0,2.7455717677590865,2.673857082509661,2.699767197801179,2.71410403500957
1753886360.1890886,-1.5507058652618166,-4.492688841913758,1.7815951489179476,0.0,0.0,0.0,2.7447432592872723,2.6742881494885475,2.699767197801179,2.7136768393956268
1753886361.0885427,-1.4789183056559265,-4.88074219562635,1.1539675380777927,0.0,0.0,0.0,2.7455717677590865,2.673857082509661,2.699767197801179,2.7144958844213267
1753886361.7451763,-0.9454521079198859,-4.844101270148599,0.5681233358267823,0.0,0.0,0.0,2.7447432592872723,2.673481434190201,2.700172850395778,2.71410403500957
1753886363.6299133,-0.2802044724452788,-4.975490886949117,1.2733078379553158,0.0,0.0,0.0,2.7447432592872723,2.673481434190201,2.702625614087018,2.716134630478325
1753886364.2530696,-0.335171045660978,-4.036031372050016,1.3709671784858957,0.0,0.0,0.0,2.7455717677590865,2.6742881494885475,2.7022132135294203,2.7153151481098328
1753886365.9454312,0.3799540647723969,-3.8807756426155593,1.5281005817779043,0.0,0.0,0.0,2.7452109220737992,2.673481434190201,2.7005823685142465,2.7136768393956268
1753886368.151248,-0.44936028968112574,-3.534829520885859,2.318977222143225,0.0,0.0,0.0,2.7455717677590865,2.673857082509661,2.693261955258851,2.708764430484557
1753886368.8005395,2.288374188506463,-4.375725590755724,2.2746956507475433,0.0,0.0,0.0,2.7447432592872723,2.673857082509661,2.6936625333002544,2.7091614947679097
1753886372.2249775,4.508980637287948,-4.715038403930192,-0.4280154871246671,0.0,0.0,0.0,2.7447432592872723,2.673857082509661,2.7022132135294203,2.7091614947679097
1753886372.891823,4.69180748657546,-4.4330419876652325,-0.7521490860496527,0.0,0.0,0.0,2.7447432592872723,2.673481434190201,2.703028736561287,2.7091614947679097
1753886377.1282275,4.367203119333775,-4.971888997535663,-0.8210193568850677,0.0,0.0,0.0,2.7447432592872723,2.673481434190201,2.7038444775965362,2.7153151481098328
1753886377.7834132,3.5448459408935467,-4.964830288004292,-1.580769961197321,0.0,0.0,0.0,2.7455717677590865,2.6742881494885475,2.7038444775965362,2.7153151481098328
1753886379.7115486,3.1026744810800615,-4.73921711007949,-1.556868018308274,0.0,0.0,0.0,2.7455717677590865,2.6742881494885475,2.7038444775965362,2.7153151481098328
1753886380.3392444,1.8638832797774398,-4.2137229552241875,-2.075487020023095,0.0,0.0,0.0,2.7455717677590865,2.673481434190201,2.7038444775965362,2.7153151481098328
1753886382.7972524,1.6345710323247618,-4.663732430206683,-2.0257449723559544,0.0,0.0,0.0,2.7455717677590865,2.6742881494885475,2.7038444775965362,2.7153151481098328
1753886383.446201,-0.35358914089160187,-3.9178785996417274,-1.5957631726571175,0.0,0.0,0.0,2.7455717677590865,2.6742881494885475,2.703028736561287,2.7153151481098328
1753886386.1522062,-0.74782747315537,-3.6975732920373683,-1.6998810745582476,0.0,0.0,0.0,2.7455717677590865,2.673857082509661,2.703028736561287,2.7153151481098328
1753886386.8175514,-1.2206953648385435,-4.765349604200278,-0.5216997455232804,0.0,0.0,0.0,2.7455717677590865,2.6742881494885475,2.703028736561287,2.7153151481098328
1753886388.774965,-2.2695923729583125,-4.737322167030362,-1.0213053155927865,0.0,0.0,0.0,2.7455717677590865,2.673857082509661,2.7034420798506384,2.7157444052641133
1753886389.4476728,-2.411398116159793,-4.173255487875515,-1.5423592665370445,0.0,0.0,0.0,2.7455717677590865,2.6742881494885475,2.703028736561287,2.7153151481098328
1753886391.6658514,-2.261073656521181,-4.964825560408041,-2.4318421309678975,0.0,0.0,0.0,2.7455717677590865,2.6742335538065,2.703028736561287,2.7153151481098328
1753886392.3318815,1.5735137219086166,-2.043976808011647,-2.2313185074337483,0.0,0.0,0.0,2.7455717677590865,2.6746647118317264,2.703028736561287,2.716134630478325
1753886397.3577406,2.4106082892498772,-2.0860961613774034,-2.2087797612294886,0.0,0.0,0.0,2.7447432592872723,2.673857082509661,2.703028736561287,2.7136768393956268
1753886398.0332491,2.8845716887399444,-1.7648678461016933,-1.913620202301845,0.0,0.0,0.0,2.7447432592872723,2.6746647118317264,2.703028736561287,2.7136768393956268
1753886399.9676597,3.494650408819382,-1.9266975377323536,-1.547749672531331,0.0,0.0,0.0,2.7447432592872723,2.673857082509661,2.703028736561287,2.7136768393956268
1753886403.468981,4.21757233015655,-3.3145023259772257,-0.9686412068798362,0.0,0.0,0.0,2.7447432592872723,2.6742881494885475,2.7038444775965362,2.7144958844213267
1753886404.1293917,1.82966590181893,-0.8866362819467977,-1.9671271937676693,0.0,0.0,0.0,2.7447432592872723,2.673857082509661,2.7038444775965362,2.7144958844213267
1753886408.141052,1.3143646709456283,-0.6365334813435037,-2.1595798984900116,0.0,0.0,0.0,2.7455717677590865,2.673481434190201,2.7022132135294203,2.7136768393956268
1753886408.7949855,0.6065320699130048,-0.6889736005000566,-2.4175178068752845,0.0,0.0,0.0,2.7447432592872723,2.6742881494885475,2.7022132135294203,2.7136768393956268
1753886410.6271405,1.883619364689996,-0.30549879617928344,-1.5876211440451216,0.0,0.0,0.0,2.7455717677590865,2.673481434190201,2.703028736561287,2.7136768393956268
1753886415.9125392,3.9371579567615136,1.7244536919375628,-1.5605848494929841,0.0,0.0,0.0,2.743914816553558,2.673481434190201,2.703028736561287,2.7120387975619624
1753886416.5746431,3.9555186377348406,1.915144401856824,-0.9030779629632768,0.0,0.0,0.0,2.7442766438480266,2.673481434190201,2.703028736561287,2.7120387975619624
1753886417.7431896,3.885994809641499,1.361450435493154,-0.06372736642830334,0.0,0.0,0.0,2.743914816553558,2.6742881494885475,2.702625614087018,2.7104013276967978
1753886418.3730054,4.936288303941772,2.5563148227303136,0.05362162938002868,0.0,0.0,0.0,2.7430865942933704,2.673481434190201,2.703028736561287,2.709979103260019
1753886420.3502648,3.2829800623833076,2.83424611513097,-0.23439510129133634,0.0,0.0,0.0,2.741430347922228,2.673049521612316,2.703028736561287,2.7075267812440127
1753886424.3219862,2.2359045494524468,3.1232966675775007,0.02489083745931442,0.0,0.0,0.0,2.740140775884966,2.671434902877015,2.699767197801179,2.7046602853468364
1753886426.5244617,1.51409296741625,3.1402722680106816,0.7082999564442622,0.0,0.0,0.0,2.7368344971764067,2.669080090446576,2.696102966104905,2.698544605823864
1753886427.21137,2.360110147221767,4.064722131034699,0.9249299170024994,0.0,0.0,0.0,2.7368344971764067,2.6694499155584746,2.69528937099854,2.6993586193869126
1753886428.8347363,3.3047126140652754,2.115587901118489,1.481126987031609,0.0,0.0,0.0,2.731878761790689,2.6686440536856395,2.6977306589644776,2.6993586193869126
1753886432.837223,3.3341916101396833,2.7933999252708244,-1.604899739023915,0.0,0.0,0.0,2.743914816553558,2.673481434190201,2.702625614087018,2.712432479164965
1753886433.4990683,3.6013378424088103,3.40204089467006,-2.4098987189013603,0.0,0.0,0.0,2.7430865942933704,2.673049521612316,2.703028736561287,2.7120387975619624
1753886434.9362102,4.315428993879566,4.51407957021773,-1.7648091115427995,0.0,0.0,0.0,2.743914816553558,2.673481434190201,2.703028736561287,2.7136768393956268
1753886435.6041996,-0.24773482312710549,4.497554141946971,1.226655716292608,0.0,0.0,0.0,2.743914816553558,2.673481434190201,2.7038444775965362,2.7136768393956268
1753886441.3821723,0.47092622963318753,4.89588135814634,2.101647097638902,0.0,0.0,0.0,2.732252959057337,2.658268345584919,2.6887849987982997,2.698544605823864
1753886442.040016,-1.8531342660540826,4.308770207292547,1.527317633744529,0.0,0.0,0.0,2.732252959057337,2.658268345584919,2.6892018295336073,2.6989520944670997
1753886444.2262924,-1.973503406775806,3.713070065655563,2.368491784092491,0.0,0.0,0.0,2.7368344971764067,2.651504089100589,2.6815153070921904,2.7022132135294203
1753886444.8757641,-1.4642903638578195,2.9192126536343563,1.718798762355977,0.0,0.0,0.0,2.7368344971764067,2.651504089100589,2.6815153070921904,2.703028736561287
1753886446.8244472,-2.9028327575998167,4.5118185947186245,1.0087465730168943,0.0,0.0,0.0,2.7384873505289358,2.655508549432476,2.67504209785143,2.6989520944670997
1753886450.8143446,-3.4658116129422414,4.953722034864716,1.09895585239855,0.0,0.0,0.0,2.7430865942933704,2.6574659203243627,2.690013570098739,2.7136768393956268
1753886451.492271,-3.6735634727950472,3.9336648594098946,2.212164962221493,0.0,0.0,0.0,2.7430865942933704,2.6571111060134505,2.690013570098739,2.7144958844213267
1753886453.4436996,-4.049870081364854,3.8207334541048823,2.006365718995112,0.0,0.0,0.0,2.742258283546699,2.638512124234758,2.663888857175512,2.7107967782897564
1753886454.0995333,-4.544234812820816,3.77266967233348,2.0869386628118933,0.0,0.0,0.0,2.7430865942933704,2.6388436800204715,2.6642521305025757,2.7116145196682564
1753886455.5510082,-4.71546887128147,3.77322119814181,0.6361853673525948,0.0,0.0,0.0,2.743914816553558,2.646702918981713,2.6710621407819812,2.7144958844213267
1753886458.6017904,-4.528660871008171,3.400429180139257,0.1351073585881486,0.0,0.0,0.0,2.745104167477475,2.6686440536856395,2.696102966104905,2.7153151481098328
1753886461.363406,-4.743326838807006,4.932972803637101,-0.4355287794460274,0.0,0.0,0.0,2.745104167477475,2.6694499155584746,2.699767197801179,2.7153151481098328
1753886462.0588405,-3.366168556193132,4.618492288544253,-2.1789620483329495,0.0,0.0,0.0,2.7447432592872723,2.6694499155584746,2.699767197801179,2.7153151481098328
1753886464.763922,-4.253063418891772,3.309303158012465,-2.3921102269188426,0.0,0.0,0.0,2.745104167477475,2.671868504035743,2.7022132135294203,2.7153151481098328
1753886465.427706,-4.245993197745782,3.087171826716572,-2.1443406221301418,0.0,0.0,0.0,2.7447432592872723,2.671868504035743,2.7022132135294203,2.714924186469843
1753886467.637024,-2.217152143484485,2.2746908617951416,-2.406785560883305,0.0,0.0,0.0,2.7455717677590865,2.6726749352329033,2.7022132135294203,2.7157444052641133
1753886471.0952399,-2.080029348276428,2.2295217780624164,-1.9147785557545154,0.0,0.0,0.0,2.7447432592872723,2.6726749352329033,2.7013977574512396,2.7136768393956268
1753886471.762341,-3.8777200471856146,0.8195537007055282,-0.7293366632274645,0.0,0.0,0.0,2.7447432592872723,2.6726749352329033,2.7013977574512396,2.7136768393956268
1753886474.6786187,-3.958716270947292,0.7885909945692724,0.8841898819748435,0.0,0.0,0.0,2.7447432592872723,2.672242177916541,2.6989520944670997,2.7144958844213267
1753886475.3458133,-4.09924263917263,-0.3226570943018512,0.8749480881382348,0.0,0.0,0.0,2.7455717677590865,2.6726749352329033,2.698544605823864,2.7153151481098328
1753886477.807305,-4.123189762003417,-0.9453542200413967,1.1878933122975877,0.0,0.0,0.0,2.7452109220737992,2.6726749352329033,2.69163755337417,2.7136768393956268
1753886478.4652536,-3.540677454217499,-0.8048381666766868,1.0178038868732555,0.0,0.0,0.0,2.7455717677590865,2.6726749352329033,2.69163755337417,2.7136768393956268
1753886479.678043,-4.773395931566337,-0.05225366604503634,2.185680135587428,0.0,0.0,0.0,2.7455717677590865,2.673481434190201,2.6908255281110494,2.7136768393956268
1753886482.9111621,-3.736363886115125,0.5983823919734155,2.496352780910043,0.0,0.0,0.0,2.7447432592872723,2.666665582511505,2.651504089100589,2.709582769536587
1753886483.5799785,-4.906359538422506,1.1017899095107957,1.605335874993803,0.0,0.0,0.0,2.7447432592872723,2.666665582511505,2.651504089100589,2.7091614947679097
